[12],0.010494907558973223
[12, 40],0.010494907558973223
[12, 49],0.010494907558973223
[12, 40, 49],0.051804399062656825
[12, 42],0.010494907558973223
[12, 40, 42],0.010494907558973223
[12, 42, 49],0.010494907558973223
[12, 40, 42, 49],0.024010443947857896
[12, 33, 42],0.010494907558973223
[12, 33, 42, 49],0.01113531631747848
[12, 39],0.010494907558973223
[12, 39, 40],0.010494907558973223
[12, 39, 49],0.010494907558973223
[12, 39, 40, 49],0.01130019762870334
[12, 33],0.010494907558973223
[12, 33, 40],0.010494907558973223
[12, 33, 49],0.010494907558973223
[12, 33, 40, 49],0.013130519511950389
[10],0.039930991886261924
[10, 40],0.039930991886261924
[10, 42],0.039930991886261924
[10, 40, 42],0.039930991886261924
[10, 42, 49],0.039930991886261924
[10, 40, 42, 49],0.03858347059601519
[10, 39, 42],0.01242160461679299
[10, 39, 40, 42],0.010422031749111204
[10, 49],0.039930991886261924
[10, 40, 49],0.09179150885013179
[10, 39],0.03448993767654109
[10, 39, 40],0.02671451361153387
[10, 39, 49],0.0206806881997555
[10, 39, 40, 49],0.017411130102140397
[10, 66],0.01966706925203604
[10, 40, 66],0.010373335268331774
[10, 49, 66],0.010637383027799721
[10, 33],0.03367799179244095
[10, 33, 49],0.0168387767473737
[10, 33, 40, 49],0.01398105547800631
[10, 33, 40],0.023464794232224324
[10, 90],0.010224565276858485
[10, 238],0.010035652890632851
[19],0.0131602600826264
[19, 49],0.0131602600826264
[19, 40, 49],0.05481501376142206
[19, 39],0.0131602600826264
[19, 39, 49],0.0131602600826264
[19, 39, 40, 49],0.012894749743912748
[19, 39, 40],0.0131602600826264
[19, 42],0.0131602600826264
[19, 42, 49],0.0131602600826264
[19, 40, 42, 49],0.021115335041583607
[19, 39, 42],0.0131602600826264
[19, 39, 40, 42],0.01048761005982579
[19, 40, 42],0.0131602600826264
[19, 33, 42],0.011930563303127263
[19, 40],0.0131602600826264
[19, 33],0.0131602600826264
[19, 33, 49],0.0131602600826264
[19, 33, 40, 49],0.013860246435111214
[19, 33, 40],0.0131602600826264
[13],0.012924209752496644
[13, 40],0.012924209752496644
[13, 39],0.011429953229182551
[13, 49],0.012924209752496644
[13, 40, 49],0.03554115329723086
[13, 42],0.012924209752496644
[13, 40, 42],0.012924209752496644
[13, 42, 49],0.012924209752496644
[13, 40, 42, 49],0.014448978966948463
[13, 33],0.012924209752496644
[13, 33, 49],0.010897731411501028
[11],0.01749102191545005
[11, 40],0.01749102191545005
[11, 49],0.01749102191545005
[11, 40, 49],0.058005007452491014
[11, 42],0.01749102191545005
[11, 40, 42],0.01749102191545005
[11, 42, 49],0.01749102191545005
[11, 40, 42, 49],0.025327622323851436
[11, 39],0.016809825002601808
[11, 39, 40],0.012954742316982761
[11, 39, 49],0.013603872389797487
[11, 39, 40, 49],0.011208193554164761
[11, 33],0.01749102191545005
[11, 33, 40],0.0142713405322552
[11, 33, 49],0.01683745413114633
[11, 33, 40, 49],0.012845436997087274
[11, 66],0.014061824946591662
[11, 40, 66],0.01169147943688761
[33],0.1743018686414991
[33, 40],0.17119388529173601
[33, 49],0.15395478399591248
[33, 40, 49],0.11729343449849228
[32],0.013125898133863322
[32, 33],0.013125898133863322
[32, 33, 40],0.013125898133863322
[32, 33, 49],0.013125898133863322
[32, 33, 40, 49],0.01337287614016332
[32, 40],0.013125898133863322
[32, 42],0.013125898133863322
[32, 40, 42],0.013125898133863322
[32, 42, 49],0.013125898133863322
[32, 40, 42, 49],0.021050282621530334
[32, 49],0.013125898133863322
[32, 40, 49],0.05378282190370027
[32, 39],0.013125898133863322
[32, 39, 40],0.013125898133863322
[32, 39, 49],0.013125898133863322
[32, 39, 40, 49],0.011527548532215378
[34],0.010343449527967358
[40],0.5677755985953069
[39],0.16983522965544334
[39, 40],0.13063195220306187
[39, 49],0.06258660865066468
[39, 40, 49],0.06258660865066468
[42],0.15617363522600386
[40, 42],0.15617363522600386
[39, 42],0.0701599645032629
[39, 40, 42],0.063575570334209
[33, 42],0.10324618514260177
[33, 40, 42],0.060160230691729
[33, 42, 49],0.06751209302894177
[33, 40, 42, 49],0.043952440661332116
[42, 49],0.15617363522600386
[40, 42, 49],0.14221551462169016
[37],0.03505513548219708
[37, 40],0.03505513548219708
[37, 39],0.03505513548219708
[37, 39, 40],0.03505513548219708
[37, 39, 49],0.03505513548219708
[37, 39, 40, 49],0.1154849171085303
[33, 37, 39],0.03505513548219708
[33, 37, 39, 40],0.03505513548219708
[33, 37, 39, 49],0.032902550933786905
[33, 37, 39, 40, 49],0.025468678104001174
[37, 42],0.03505513548219708
[37, 40, 42],0.03505513548219708
[37, 39, 42],0.03505513548219708
[37, 39, 40, 42],0.03505513548219708
[37, 39, 42, 49],0.03505513548219708
[37, 39, 40, 42, 49],0.03482180662463064
[33, 37, 39, 42],0.016441988946857822
[33, 37, 39, 40, 42],0.013530144336979012
[33, 37, 39, 42, 49],0.010961750812106149
[37, 42, 49],0.03505513548219708
[37, 40, 42, 49],0.03482180662463064
[33, 37, 42],0.01705427446100732
[33, 37, 40, 42],0.014142429851128508
[33, 37, 42, 49],0.010961750812106149
[37, 49],0.03505513548219708
[37, 40, 49],0.11975580098726551
[37, 90],0.013703277097019895
[37, 39, 90],0.012152218502979933
[37, 226],0.014725663626556612
[37, 40, 226],0.011342503359133314
[37, 39, 226],0.013057803893527203
[33, 37],0.03505513548219708
[33, 37, 40],0.03505513548219708
[33, 37, 49],0.03419140470328664
[33, 37, 40, 49],0.025613238508774748
[37, 66],0.018782270093286924
[37, 40, 66],0.012767167934340493
[37, 49, 66],0.011363065107590352
[37, 39, 66],0.01750856454459457
[37, 39, 40, 66],0.012471570022437678
[37, 39, 49, 66],0.011363065107590352
[37, 171],0.023562918538259436
[37, 39, 171],0.022859651651426015
[37, 39, 40, 171],0.01605362135167545
[37, 39, 49, 171],0.013077753618812367
[37, 40, 171],0.01675688823850887
[37, 49, 171],0.013077753618812365
[37, 111],0.021050703926947058
[37, 40, 111],0.014944475101209529
[37, 49, 111],0.011864326522920708
[37, 40, 49, 111],0.011093189959665512
[37, 39, 111],0.019770900076446506
[37, 39, 40, 111],0.013980320880169386
[37, 39, 49, 111],0.010900172301880565
[37, 39, 40, 49, 111],0.010129035738625369
[41],0.02655901455563797
[40, 41],0.021121631035224877
[39, 41],0.010967934708553012
[41, 49],0.013840867523735294
[40, 41, 49],0.012228379556494088
[47],0.022923180417295626
[49],0.47083609303401436
[40, 49],0.3941177841802096
[54],0.015337938609164836
[40, 54],0.015337938609164836
[49, 54],0.015337938609164836
[40, 49, 54],0.049045572342018603
[39, 54],0.014145675938364877
[39, 40, 54],0.011569973532691763
[39, 49, 54],0.010384521760441636
[33, 54],0.015337938609164836
[33, 49, 54],0.011381612799132752
[33, 40, 54],0.01237562284216695
[42, 54],0.015337938609164836
[42, 49, 54],0.015337938609164836
[40, 42, 49, 54],0.01730184003319456
[40, 42, 54],0.015337938609164836
[54, 66],0.011236757226582425
[40, 54, 66],0.010215888611508062
[50],0.017745008821617128
[40, 50],0.017745008821617128
[49, 50],0.017745008821617128
[40, 49, 50],0.07671092121073335
[39, 50],0.017745008821617128
[39, 40, 50],0.017745008821617128
[39, 49, 50],0.017745008821617128
[39, 40, 49, 50],0.022254074339935755
[42, 50],0.017745008821617128
[40, 42, 50],0.017745008821617128
[42, 49, 50],0.017745008821617128
[40, 42, 49, 50],0.014678207834111452
[33, 50],0.017745008821617128
[33, 40, 50],0.017745008821617128
[33, 49, 50],0.017745008821617128
[33, 40, 49, 50],0.01898787513152746
[50, 66],0.013003605664598268
[49, 50, 66],0.011004188223847198
[56],0.012441229339827685
[40, 56],0.012441229339827685
[49, 56],0.012441229339827685
[40, 49, 56],0.036796489481623534
[39, 56],0.012441229339827685
[39, 40, 56],0.012441229339827685
[39, 49, 56],0.012441229339827685
[39, 40, 49, 56],0.035188647776496315
[33, 39, 56],0.012441229339827685
[33, 39, 40, 56],0.010324579896319162
[33, 39, 49, 56],0.010174279244338679
[42, 56],0.012441229339827685
[40, 42, 56],0.012441229339827685
[42, 49, 56],0.012441229339827685
[40, 42, 49, 56],0.014367876965753068
[39, 42, 56],0.012441229339827685
[39, 40, 42, 56],0.012441229339827685
[39, 42, 49, 56],0.012441229339827685
[39, 40, 42, 49, 56],0.013682302466341896
[33, 56],0.012441229339827685
[33, 40, 56],0.010395601050100123
[33, 49, 56],0.010174279244338679
[61],0.033488656074004294
[33, 61],0.033488656074004294
[33, 40, 61],0.030115255309611857
[33, 49, 61],0.024773792810480484
[33, 40, 49, 61],0.019036422763482223
[42, 61],0.033488656074004294
[33, 42, 61],0.01009756308912539
[40, 42, 61],0.033488656074004294
[42, 49, 61],0.026771197904030354
[40, 42, 49, 61],0.02379803687326072
[40, 61],0.033488656074004294
[49, 61],0.033488656074004294
[40, 49, 61],0.07750087205521819
[39, 61],0.027916321796210543
[39, 40, 61],0.02246110998303814
[39, 49, 61],0.015589318425021405
[39, 40, 49, 61],0.014456049752914781
[33, 39, 61],0.010368533018158429
[61, 90],0.012137588447799722
[49, 61, 90],0.010054698855445443
[61, 66],0.024145302290367526
[40, 61, 66],0.014898804612324318
[49, 61, 66],0.0141942404607367
[63],0.01565676722605586
[33, 63],0.01565676722605586
[33, 40, 63],0.01271142083315369
[42, 63],0.01565676722605586
[40, 42, 63],0.014441517351717177
[42, 49, 63],0.01426620147532348
[40, 42, 49, 63],0.01180580492957026
[49, 63],0.01565676722605586
[40, 49, 63],0.02950431626162998
[40, 63],0.01565676722605586
[63, 66],0.012372537048214415
[66],0.06890102165576391
[40, 66],0.06890102165576391
[49, 66],0.06890102165576391
[40, 49, 66],0.055089733622634654
[42, 66],0.03109752462676143
[40, 42, 66],0.022702089568414182
[39, 66],0.023905940281615138
[39, 40, 66],0.02085847262717247
[39, 49, 66],0.018932505462660284
[39, 40, 49, 66],0.018619135124871566
[33, 39, 66],0.017894988568983094
[33, 66],0.041514497703844425
[33, 49, 66],0.025218590035172232
[33, 40, 49, 66],0.021382154015667898
[33, 40, 66],0.026671029194593587
[79],0.013593838539928457
[40, 79],0.013593838539928457
[49, 79],0.013593838539928457
[40, 49, 79],0.08567899712287017
[39, 79],0.013593838539928457
[39, 49, 79],0.013593838539928457
[39, 40, 49, 79],0.019032721027339983
[39, 40, 79],0.013593838539928457
[66, 79],0.013593838539928457
[40, 66, 79],0.012061169829195825
[49, 66, 79],0.012480524104539262
[42, 79],0.013593838539928457
[40, 42, 79],0.013593838539928457
[42, 49, 79],0.013593838539928457
[40, 42, 49, 79],0.021664918165467575
[39, 42, 79],0.010390798571874513
[33, 79],0.013593838539928457
[33, 40, 79],0.013593838539928457
[33, 49, 79],0.013593838539928457
[33, 40, 49, 79],0.0235955154292943
[77],0.019689934894884804
[40, 77],0.019689934894884804
[66, 77],0.017141695169360472
[40, 66, 77],0.013756206915839675
[49, 66, 77],0.011673645529436418
[49, 77],0.019689934894884804
[40, 49, 77],0.05407505787592815
[39, 77],0.019689934894884804
[39, 40, 77],0.019689934894884804
[39, 49, 77],0.017271699654330914
[39, 40, 49, 77],0.011742083927562024
[42, 77],0.019689934894884804
[40, 42, 77],0.019689934894884804
[42, 49, 77],0.019689934894884804
[40, 42, 49, 77],0.01766934662068269
[39, 42, 77],0.014649883852190938
[33, 77],0.019689934894884804
[33, 49, 77],0.01722467180188567
[33, 40, 49, 77],0.010173815025401043
[33, 40, 77],0.015463608474189316
[81],0.011381306679984896
[40, 81],0.011381306679984896
[49, 81],0.011381306679984896
[40, 49, 81],0.03650478771529876
[39, 81],0.011381306679984896
[39, 40, 81],0.011381306679984896
[39, 49, 81],0.011381306679984896
[42, 81],0.011381306679984896
[40, 42, 81],0.011381306679984896
[42, 49, 81],0.011381306679984896
[40, 42, 49, 81],0.011453556771818562
[66, 81],0.011381306679984896
[40, 66, 81],0.011381306679984896
[49, 66, 81],0.011127848821263126
[33, 81],0.011381306679984896
[33, 40, 81],0.011381306679984896
[33, 49, 81],0.011381306679984896
[33, 40, 49, 81],0.010528727712965568
[85],0.01744308285133758
[49, 85],0.01328049827308041
[40, 85],0.01034842538089415
[88],0.02445792316268046
[89],0.012913810771494401
[49, 89],0.012913810771494401
[40, 89],0.01194345302109001
[90],0.0342697607597008
[40, 90],0.0342697607597008
[49, 90],0.0342697607597008
[40, 49, 90],0.27361512504200713
[39, 90],0.0342697607597008
[39, 40, 90],0.0342697607597008
[39, 49, 90],0.0342697607597008
[39, 40, 49, 90],0.0827613626983395
[33, 39, 90],0.03403637010605119
[33, 39, 40, 90],0.027149352620769254
[33, 39, 49, 90],0.029215164742777036
[33, 39, 40, 49, 90],0.024260051412512463
[42, 90],0.0342697607597008
[40, 42, 90],0.0342697607597008
[42, 49, 90],0.0342697607597008
[40, 42, 49, 90],0.0867580480944839
[33, 42, 90],0.03406319256607184
[33, 40, 42, 90],0.02692566501743642
[33, 42, 49, 90],0.031369948180502635
[33, 40, 42, 49, 90],0.02531541525145375
[39, 42, 90],0.0342697607597008
[39, 40, 42, 90],0.03368649433336625
[39, 42, 49, 90],0.0342697607597008
[39, 40, 42, 49, 90],0.03027690615036002
[66, 90],0.0342697607597008
[40, 66, 90],0.0342697607597008
[49, 66, 90],0.0342697607597008
[40, 49, 66, 90],0.03589067941503181
[42, 66, 90],0.017606867151386953
[40, 42, 66, 90],0.016218580902326796
[42, 49, 66, 90],0.01575799296832627
[40, 42, 49, 66, 90],0.015646558816642477
[39, 66, 90],0.012751144605775682
[39, 40, 66, 90],0.01138184763501501
[39, 49, 66, 90],0.011725093576037408
[39, 40, 49, 66, 90],0.011134480324266973
[33, 66, 90],0.013139666892221536
[33, 40, 66, 90],0.0112080078431573
[33, 49, 66, 90],0.011159169308756715
[19, 90],0.011216778124991784
[33, 90],0.0342697607597008
[33, 40, 90],0.0342697607597008
[33, 49, 90],0.0342697607597008
[33, 40, 49, 90],0.06501406382935172
[90, 111],0.012297473648083828
[39, 90, 111],0.012033035029007133
[90, 171],0.02313337714379577
[40, 90, 171],0.018835494122885463
[49, 90, 171],0.02076242203450382
[40, 49, 90, 171],0.01731208713495113
[39, 90, 171],0.022779488638068026
[39, 40, 90, 171],0.018481605617157715
[39, 49, 90, 171],0.02076242203450382
[39, 40, 49, 90, 171],0.01731208713495113
[90, 238],0.02495981318971657
[40, 90, 238],0.020032252390954464
[49, 90, 238],0.019429180736990858
[79, 90],0.011046060888070123
[90, 148],0.012038523974486275
[90, 476],0.010168056787119259
[90, 311],0.017944302406855617
[40, 90, 311],0.015292480421735824
[49, 90, 311],0.014713251468603639
[40, 49, 90, 311],0.013218154392339015
[90, 102],0.01669478238099224
[90, 414],0.01348678522272579
[90, 2239],0.015355573116129256
[40, 90, 2239],0.012864740255609882
[49, 90, 2239],0.013764034766895234
[40, 49, 90, 2239],0.012555082434878927
[90, 226],0.010080728026839798
[40, 90, 226],0.010080728026839798
[49, 90, 226],0.010080728026839798
[40, 49, 90, 226],0.01443394572025372
[90, 13042],0.011585282941997281
[49, 90, 13042],0.010150933902764059
[92],0.017305794726732007
[40, 92],0.014440993093986996
[49, 92],0.017305794726732007
[40, 49, 92],0.011231011554559035
[102],0.029379016342071497
[40, 102],0.029379016342071497
[49, 102],0.029379016342071497
[40, 49, 102],0.13209345629050914
[49, 90, 102],0.012800442485298914
[66, 102],0.029379016342071497
[40, 66, 102],0.023739800352491517
[49, 66, 102],0.019679835500123265
[40, 49, 66, 102],0.012743526796501075
[102, 825],0.012045230366030175
[39, 102],0.029379016342071497
[39, 40, 102],0.029379016342071497
[39, 49, 102],0.029379016342071497
[39, 40, 49, 102],0.024041472733973612
[33, 39, 102],0.01131377112208978
[42, 102],0.029379016342071497
[40, 42, 102],0.029379016342071497
[42, 49, 102],0.029379016342071497
[40, 42, 49, 102],0.04568473168253703
[39, 42, 102],0.022787409320066666
[39, 40, 42, 102],0.019276979769272253
[39, 42, 49, 102],0.01477766031121023
[39, 40, 42, 49, 102],0.012039593965889203
[33, 42, 102],0.02478320480508663
[33, 40, 42, 102],0.016730695151247636
[33, 42, 49, 102],0.016162582959168913
[102, 476],0.014283859908674089
[102, 238],0.010815223980274765
[33, 102],0.029379016342071497
[33, 40, 102],0.029379016342071497
[33, 49, 102],0.029379016342071497
[33, 40, 49, 102],0.02634978233695282
[10, 102],0.0101719408498028
[102, 605],0.011612137621583946
[102, 148],0.011069676805660716
[102, 226],0.012404856724590945
[40, 102, 226],0.010230858155905912
[102, 202],0.01315878523182227
[49, 102, 202],0.011855840495301142
[102, 186],0.012180931604008426
[106],0.010974333377587193
[40, 106],0.010974333377587193
[42, 106],0.010974333377587193
[40, 42, 106],0.010974333377587193
[39, 42, 106],0.010974333377587193
[39, 40, 42, 106],0.010974333377587193
[39, 42, 49, 106],0.010974333377587193
[39, 40, 42, 49, 106],0.01161914728587262
[42, 49, 106],0.010974333377587193
[40, 42, 49, 106],0.01161914728587262
[49, 106],0.010974333377587193
[40, 49, 106],0.03560682630993262
[39, 106],0.010974333377587193
[39, 40, 106],0.010974333377587193
[39, 49, 106],0.010974333377587193
[39, 40, 49, 106],0.035606826309932615
[33, 39, 106],0.010974333377587193
[33, 39, 40, 106],0.011643015352578664
[33, 106],0.010974333377587193
[33, 40, 106],0.011643015352578664
[108],0.011022769418328759
[40, 108],0.011022769418328759
[42, 108],0.011022769418328759
[40, 42, 108],0.011022769418328759
[42, 49, 108],0.011022769418328759
[40, 42, 49, 108],0.023458353189705412
[49, 108],0.011022769418328759
[40, 49, 108],0.061212695793092624
[108, 549],0.015051521574117906
[40, 108, 549],0.010077133062462752
[49, 108, 549],0.011022769418328759
[40, 49, 108, 549],0.01061708457991692
[39, 108],0.011022769418328759
[39, 49, 108],0.011022769418328759
[39, 40, 49, 108],0.012840171086965085
[39, 40, 108],0.011022769418328759
[33, 108],0.011022769418328759
[33, 40, 108],0.011022769418328759
[33, 49, 108],0.011022769418328759
[33, 40, 49, 108],0.018134990238782317
[66, 108],0.011022769418328759
[49, 66, 108],0.011022769418328759
[40, 49, 66, 108],0.010727861838356393
[40, 66, 108],0.011022769418328759
[108, 1068],0.01280005041234112
[111],0.046781208518146294
[40, 111],0.024799231159411513
[39, 111],0.046781208518146294
[39, 40, 111],0.024477524753528615
[39, 49, 111],0.022419995913886395
[39, 40, 49, 111],0.014352595086315735
[33, 39, 111],0.018885920046760055
[42, 111],0.01700245584319279
[39, 42, 111],0.016782530497668487
[49, 111],0.023474439227584618
[40, 49, 111],0.01467430149219863
[33, 111],0.019940363360458277
[33, 40, 111],0.011872421366609353
[117],0.015870598604785034
[40, 117],0.015870598604785034
[49, 117],0.015870598604785034
[40, 49, 117],0.02051576049049157
[42, 117],0.011392699013519862
[40, 42, 117],0.01076789034928238
[33, 117],0.010571133591254467
[39, 117],0.011415207993258257
[121],0.03753801000172399
[40, 121],0.011564153708065194
[128],0.02276817786023951
[40, 128],0.017427553123226778
[49, 128],0.021921250999878898
[42, 128],0.010661208751458718
[135],0.04455935746754747
[144],0.015328597847582996
[148],0.01978473539813515
[40, 148],0.01978473539813515
[49, 148],0.01978473539813515
[40, 49, 148],0.09848561759001548
[39, 148],0.01978473539813515
[39, 49, 148],0.01978473539813515
[39, 40, 49, 148],0.022314495936698507
[39, 40, 148],0.01978473539813515
[33, 39, 148],0.014301530009921043
[33, 39, 40, 148],0.01231736715965483
[33, 39, 49, 148],0.011574640885460261
[33, 39, 40, 49, 148],0.010402950907176266
[42, 148],0.01978473539813515
[42, 49, 148],0.01978473539813515
[40, 42, 49, 148],0.03072132077777373
[39, 42, 148],0.015508293709949224
[39, 42, 49, 148],0.010838594983558929
[39, 40, 42, 49, 148],0.010235135757377688
[39, 40, 42, 148],0.012818631395766163
[40, 42, 148],0.01978473539813515
[33, 42, 148],0.01978473539813515
[33, 40, 42, 148],0.016439110648778225
[33, 42, 49, 148],0.017251571706487515
[33, 40, 42, 49, 148],0.015130598602982543
[33, 148],0.01978473539813515
[33, 40, 148],0.01978473539813515
[33, 49, 148],0.01978473539813515
[33, 40, 49, 148],0.03385146436560786
[66, 148],0.01978473539813515
[49, 66, 148],0.014749541625897533
[40, 49, 66, 148],0.012071214767607797
[40, 66, 148],0.01560293284275543
[154],0.012030044934544116
[165],0.01269820521783361
[165, 167],0.013294603124413254
[165, 685],0.010974837890862095
[49, 165],0.01269820521783361
[40, 49, 165],0.023833583799701175
[39, 165],0.012561966238647995
[33, 165],0.01269820521783361
[33, 49, 165],0.011740243712305436
[40, 165],0.01269820521783361
[162],0.012349845315965719
[40, 162],0.012349845315965719
[49, 162],0.012349845315965719
[40, 49, 162],0.04524147285347975
[39, 162],0.012349845315965719
[39, 40, 162],0.012349845315965719
[39, 49, 162],0.012349845315965719
[39, 40, 49, 162],0.014988554127727642
[33, 39, 162],0.011750569704561814
[42, 162],0.012349845315965719
[40, 42, 162],0.012349845315965719
[42, 49, 162],0.012349845315965719
[40, 42, 49, 162],0.016059535794436947
[33, 162],0.012349845315965719
[33, 40, 162],0.012349845315965719
[33, 49, 162],0.012349845315965719
[33, 40, 49, 162],0.01411348691883558
[66, 162],0.011560140866970528
[167],0.022710111582386002
[40, 167],0.022710111582386002
[49, 167],0.022710111582386002
[40, 49, 167],0.0228390507052563
[167, 685],0.011028523759772611
[40, 167, 685],0.011267445015971584
[171],0.05139064736677888
[40, 171],0.05139064736677888
[49, 171],0.04528233317380251
[40, 49, 171],0.04190583076615923
[39, 171],0.05139064736677888
[39, 40, 171],0.05139064736677888
[39, 49, 171],0.04189573760911795
[39, 40, 49, 171],0.04024415519274334
[42, 171],0.0226845609417059
[40, 42, 171],0.020055173762122652
[42, 49, 171],0.015573587391621702
[40, 42, 49, 171],0.014650841017919547
[39, 42, 171],0.022054814984733287
[39, 40, 42, 171],0.01942542780515003
[39, 42, 49, 171],0.014943841434649085
[39, 40, 42, 49, 171],0.014021095060946929
[174],0.02111271250838011
[179],0.015029380159701003
[40, 179],0.015029380159701003
[49, 179],0.015029380159701003
[40, 49, 179],0.03737854469386409
[33, 179],0.015029380159701003
[33, 40, 179],0.010279529739502163
[42, 179],0.015029380159701003
[40, 42, 179],0.015029380159701003
[42, 49, 179],0.015029380159701003
[40, 42, 49, 179],0.014726389099796594
[39, 179],0.015029380159701003
[39, 40, 179],0.015029380159701003
[39, 49, 179],0.014667548545640698
[39, 40, 49, 179],0.011399488997725018
[66, 179],0.013123560868564045
[40, 66, 179],0.010012295443901326
[176, 179],0.012425222397099455
[179, 843],0.014823564129101885
[176],0.012425222397099455
[40, 176],0.012425222397099455
[49, 176],0.012425222397099455
[40, 49, 176],0.057193295511564
[33, 176],0.012425222397099455
[33, 40, 176],0.012425222397099455
[33, 49, 176],0.012425222397099455
[33, 40, 49, 176],0.013722892125962071
[42, 176],0.012425222397099455
[40, 42, 176],0.012425222397099455
[42, 49, 176],0.012425222397099455
[40, 42, 49, 176],0.030726721131463765
[33, 42, 176],0.012105487406813846
[33, 40, 42, 176],0.010324629172833291
[39, 42, 176],0.012425222397099455
[39, 40, 42, 176],0.011656462280533153
[39, 42, 49, 176],0.010676746859840509
[40, 176, 179],0.010094898194706811
[66, 176],0.012425222397099455
[40, 66, 176],0.012425222397099455
[49, 66, 176],0.011968020200671167
[40, 49, 66, 176],0.011394061291854475
[42, 66, 176],0.0103593406552479
[176, 226],0.012377784212544839
[39, 176],0.012425222397099455
[39, 40, 176],0.012425222397099455
[33, 39, 176],0.012425222397099455
[39, 49, 176],0.012425222397099455
[39, 40, 49, 176],0.014433637321392485
[176, 13042],0.010546592447756962
[178],0.01450545799474624
[49, 178],0.01281243368719413
[187],0.012410280392687791
[40, 187],0.012410280392687791
[49, 187],0.012410280392687791
[40, 49, 187],0.0434387323928136
[33, 187],0.012410280392687791
[33, 49, 187],0.012410280392687791
[33, 40, 49, 187],0.013646331418490792
[33, 40, 187],0.012410280392687791
[39, 187],0.012410280392687791
[39, 49, 187],0.011011965752013037
[42, 187],0.012410280392687791
[40, 42, 187],0.012410280392687791
[42, 49, 187],0.012410280392687791
[40, 42, 49, 187],0.013994583137361233
[66, 187],0.012410280392687791
[186],0.018686570222852555
[40, 186],0.018686570222852555
[33, 186],0.018686570222852555
[33, 40, 186],0.018686570222852555
[33, 49, 186],0.018686570222852555
[33, 40, 49, 186],0.021935576668090716
[42, 186],0.018686570222852555
[33, 42, 186],0.015946554666176234
[33, 40, 42, 186],0.010349899640728993
[33, 42, 49, 186],0.01259663476485848
[40, 42, 186],0.018686570222852555
[42, 49, 186],0.018686570222852555
[40, 42, 49, 186],0.03126765250028651
[39, 42, 186],0.011955111502501687
[66, 186],0.016366928757668254
[49, 66, 186],0.011910587293870595
[49, 186],0.018686570222852555
[40, 49, 186],0.08991482527057673
[39, 186],0.018686570222852555
[39, 40, 186],0.018686570222852555
[39, 49, 186],0.018686570222852555
[39, 40, 49, 186],0.016155320092723784
[190],0.014661132783470006
[40, 190],0.014661132783470006
[49, 190],0.014661132783470006
[40, 49, 190],0.01786335999954396
[42, 190],0.014661132783470006
[40, 42, 190],0.012681877200411687
[42, 49, 190],0.0104245651783815
[196],0.013824936703404966
[40, 196],0.013824936703404966
[49, 196],0.013824936703404966
[40, 49, 196],0.023155185620271995
[42, 196],0.013824936703404966
[40, 42, 196],0.013824936703404966
[42, 49, 196],0.010757545099432638
[66, 196],0.011912446510134655
[204],0.022299122951223913
[40, 204],0.022299122951223913
[49, 204],0.022299122951223913
[40, 49, 204],0.018167675460099637
[42, 204],0.01428318959414692
[33, 204],0.010636678876768607
[207],0.029613015090755496
[40, 207],0.02919673002744513
[49, 207],0.0256524375554702
[40, 49, 207],0.01655134544318293
[33, 207],0.010263749912438343
[202],0.01787987217409072
[40, 202],0.01787987217409072
[33, 202],0.01787987217409072
[33, 40, 202],0.01787987217409072
[33, 49, 202],0.01787987217409072
[33, 40, 49, 202],0.018294815054278355
[39, 202],0.01787987217409072
[39, 49, 202],0.01787987217409072
[39, 40, 49, 202],0.01628196720758386
[39, 40, 202],0.01787987217409072
[49, 202],0.01787987217409072
[40, 49, 202],0.07438559690095643
[66, 202],0.01787987217409072
[40, 66, 202],0.01787987217409072
[49, 66, 202],0.01787987217409072
[40, 49, 66, 202],0.015682354216442027
[42, 202],0.01787987217409072
[40, 42, 202],0.01787987217409072
[42, 49, 202],0.01787987217409072
[40, 42, 49, 202],0.023378549691111274
[33, 42, 202],0.014057479491593226
[33, 42, 49, 202],0.012241929084019422
[213],0.01817366096851416
[212],0.024964945509670246
[40, 212],0.022400798389650194
[49, 212],0.024964945509670246
[40, 49, 212],0.017348733195978037
[42, 212],0.011107310907147169
[223],0.01656182623020603
[49, 223],0.01656182623020603
[40, 49, 223],0.01836940538807276
[42, 223],0.011878077503581564
[40, 223],0.01656182623020603
[226],0.010080728026839798
[40, 226],0.010080728026839798
[39, 226],0.010080728026839798
[39, 40, 226],0.010080728026839798
[39, 49, 226],0.010080728026839798
[39, 40, 49, 226],0.0561452500376123
[33, 39, 226],0.010080728026839798
[33, 39, 40, 226],0.010080728026839798
[33, 39, 49, 226],0.010080728026839798
[33, 39, 40, 49, 226],0.016212416864814894
[49, 226],0.010080728026839798
[40, 49, 226],0.2079198336440179
[42, 226],0.010080728026839798
[40, 42, 226],0.010080728026839798
[42, 49, 226],0.010080728026839798
[40, 42, 49, 226],0.09076173019355567
[39, 42, 226],0.010080728026839798
[39, 40, 42, 226],0.010080728026839798
[39, 42, 49, 226],0.010080728026839798
[39, 40, 42, 49, 226],0.028800734284960685
[33, 39, 42, 226],0.010080728026839798
[33, 42, 226],0.010080728026839798
[33, 40, 42, 226],0.010080728026839798
[33, 42, 49, 226],0.010080728026839798
[33, 40, 42, 49, 226],0.028616120447935805
[171, 226],0.010080728026839798
[40, 171, 226],0.010080728026839798
[39, 171, 226],0.010080728026839798
[39, 40, 171, 226],0.016474915631979434
[226, 271],0.015726465883096372
[40, 226, 271],0.015726465883096372
[49, 226, 271],0.013163973206232471
[40, 49, 226, 271],0.011134239438343302
[42, 226, 271],0.010080728026839798
[40, 42, 226, 271],0.01005636389855436
[33, 226],0.010080728026839798
[33, 40, 226],0.010080728026839798
[33, 49, 226],0.010080728026839798
[33, 40, 49, 226],0.05445209720194431
[66, 226],0.010080728026839798
[40, 66, 226],0.010080728026839798
[49, 66, 226],0.010080728026839798
[40, 49, 66, 226],0.020901454839506603
[42, 66, 226],0.010080728026839798
[40, 42, 66, 226],0.012000585671637757
[226, 2239],0.01757874438055168
[40, 226, 2239],0.01757874438055168
[49, 226, 2239],0.014299763050697772
[40, 49, 226, 2239],0.013400708011987967
[226, 272],0.02700282008089118
[40, 226, 272],0.026326707778839466
[49, 226, 272],0.01732341921678778
[40, 49, 226, 272],0.015127035329726493
[111, 226],0.010080728026839798
[40, 111, 226],0.010080728026839798
[49, 111, 226],0.010080728026839798
[39, 111, 226],0.010080728026839798
[39, 40, 111, 226],0.010080728026839798
[39, 49, 111, 226],0.010080728026839798
[226, 476],0.010080728026839798
[40, 226, 476],0.010080728026839798
[49, 226, 476],0.010080728026839798
[40, 49, 226, 476],0.0105981592179615
[226, 238],0.010399044164144717
[226, 311],0.012831791593511872
[40, 226, 311],0.010576976744990692
[49, 226, 311],0.010080728026839798
[230],0.010900011719972966
[40, 230],0.010900011719972966
[49, 230],0.010900011719972966
[40, 49, 230],0.06803841146610602
[42, 230],0.010900011719972966
[40, 42, 230],0.010900011719972966
[42, 49, 230],0.010900011719972966
[40, 42, 49, 230],0.025026935173441334
[39, 42, 230],0.010900011719972966
[39, 42, 49, 230],0.010417221024802591
[39, 230],0.010900011719972966
[39, 49, 230],0.010900011719972966
[39, 40, 49, 230],0.02101538569986504
[39, 40, 230],0.010900011719972966
[33, 39, 230],0.010900011719972966
[33, 230],0.010900011719972966
[33, 40, 230],0.010900011719972966
[33, 49, 230],0.010900011719972966
[33, 40, 49, 230],0.016950627862259808
[66, 230],0.010900011719972966
[40, 66, 230],0.010900011719972966
[49, 66, 230],0.010900011719972966
[40, 49, 66, 230],0.010153613079062884
[238],0.032631541459434865
[40, 238],0.032631541459434865
[39, 238],0.032631541459434865
[39, 40, 238],0.032631541459434865
[39, 49, 238],0.032631541459434865
[39, 40, 49, 238],0.058727008404150335
[33, 39, 238],0.024544210345103342
[33, 39, 40, 238],0.017553468239151628
[33, 39, 49, 238],0.014035735566790174
[33, 39, 40, 49, 238],0.012361237401297569
[37, 238],0.012517978842130134
[37, 40, 238],0.011238461001773276
[37, 39, 238],0.011322032776703631
[37, 39, 40, 238],0.010042514936346773
[49, 238],0.032631541459434865
[40, 49, 238],0.19186347188654948
[33, 238],0.032631541459434865
[33, 40, 238],0.032631541459434865
[33, 49, 238],0.032631541459434865
[33, 40, 49, 238],0.03941333954692119
[42, 238],0.032631541459434865
[40, 42, 238],0.032631541459434865
[42, 49, 238],0.032631541459434865
[40, 42, 49, 238],0.05780655089093166
[33, 42, 238],0.0190547199466939
[33, 40, 42, 238],0.01415615424443211
[33, 42, 49, 238],0.013312651055389976
[33, 40, 42, 49, 238],0.010908994682401595
[39, 42, 238],0.03224845145732619
[39, 40, 42, 238],0.029272609811609125
[39, 42, 49, 238],0.021775377418966433
[39, 40, 42, 49, 238],0.01982580030928015
[111, 238],0.016902763518237753
[39, 111, 238],0.016452338415396825
[39, 40, 111, 238],0.01052252778723613
[40, 111, 238],0.010707808971300544
[238, 250],0.015017906875462384
[238, 311],0.016558016918185422
[40, 238, 311],0.011883192357882056
[49, 238, 311],0.011540318756731886
[171, 238],0.029025573208193142
[40, 171, 238],0.022511819838958554
[49, 171, 238],0.02198693384774037
[40, 49, 171, 238],0.01859058256605949
[39, 171, 238],0.027055228125751167
[39, 40, 171, 238],0.021953038313703887
[39, 49, 171, 238],0.0200165887652984
[39, 40, 49, 171, 238],0.018031801040804825
[66, 238],0.032631541459434865
[40, 66, 238],0.03254410554883204
[49, 66, 238],0.032631541459434865
[40, 49, 66, 238],0.02817200396022745
[33, 66, 238],0.010455342222235398
[238, 256],0.011913021171860372
[49, 238, 256],0.011043052454414573
[238, 476],0.014341150103053039
[49, 238, 476],0.014285200268704114
[40, 49, 238, 476],0.011027177575338125
[40, 238, 476],0.013279865491009294
[40, 49, 90, 238],0.01702916941538654
[238, 414],0.010777670918687532
[238, 534],0.014456835542627217
[40, 238, 534],0.013219263329613378
[250],0.015017906875462384
[40, 250],0.015017906875462384
[49, 250],0.015017906875462384
[40, 49, 250],0.07330273349645812
[42, 250],0.015017906875462384
[40, 42, 250],0.015017906875462384
[42, 49, 250],0.015017906875462384
[40, 42, 49, 250],0.026844619678056566
[39, 42, 250],0.015017906875462384
[39, 40, 42, 250],0.015017906875462384
[39, 42, 49, 250],0.014109378308937114
[39, 40, 42, 49, 250],0.01219065562277523
[33, 42, 250],0.011126422229053587
[39, 250],0.015017906875462384
[39, 40, 250],0.015017906875462384
[39, 49, 250],0.015017906875462384
[39, 40, 49, 250],0.024439779789898693
[33, 39, 250],0.010214200310462454
[111, 250],0.010845702711657737
[39, 111, 250],0.010443220847605284
[66, 250],0.015017906875462384
[40, 66, 250],0.014275738522969641
[49, 66, 250],0.015017906875462384
[40, 49, 66, 250],0.011359873203899556
[33, 250],0.015017906875462384
[33, 40, 250],0.015017906875462384
[33, 49, 250],0.015017906875462384
[33, 40, 49, 250],0.014661744909767103
[250, 311],0.010005168540978687
[40, 238, 250],0.012046327062349088
[49, 238, 250],0.012576932712930942
[249],0.016847474636532744
[40, 249],0.016847474636532744
[49, 249],0.016847474636532744
[40, 49, 249],0.031063618768960997
[42, 249],0.016253702345041338
[40, 42, 249],0.01102012043802312
[42, 49, 249],0.014256476322346574
[39, 249],0.013099980260885505
[39, 49, 249],0.01094942406701436
[33, 249],0.016847474636532744
[33, 49, 249],0.016847474636532744
[33, 40, 249],0.015730512924937008
[66, 249],0.011474170434792957
[252],0.020261576764667992
[40, 252],0.020261576764667992
[49, 252],0.020261576764667992
[40, 49, 252],0.03287469740721261
[42, 252],0.020261576764667992
[40, 42, 252],0.018267371550877227
[42, 49, 252],0.013933864134543481
[40, 42, 49, 252],0.011372897719121765
[39, 252],0.01866750296798253
[39, 40, 252],0.0159686993398876
[39, 49, 252],0.01031572336478775
[33, 252],0.020261576764667992
[33, 40, 252],0.017923969909593725
[33, 49, 252],0.014402844740059265
[33, 40, 49, 252],0.01108624189642726
[253],0.014467359503510776
[259],0.010970361820295557
[40, 259],0.010970361820295557
[49, 259],0.010970361820295557
[40, 49, 259],0.07887139580405994
[33, 259],0.010970361820295557
[33, 40, 259],0.010970361820295557
[33, 49, 259],0.010970361820295557
[33, 40, 49, 259],0.02064509955864163
[39, 259],0.010970361820295557
[39, 49, 259],0.010970361820295557
[39, 40, 49, 259],0.019213320781768514
[39, 40, 259],0.010970361820295557
[259, 339],0.010591916322443143
[66, 259],0.010970361820295557
[40, 66, 259],0.010970361820295557
[49, 66, 259],0.010970361820295557
[40, 49, 66, 259],0.010154373245308062
[42, 259],0.010970361820295557
[40, 42, 259],0.010970361820295557
[42, 49, 259],0.010970361820295557
[40, 42, 49, 259],0.03771648115706882
[33, 42, 259],0.010970361820295557
[33, 40, 42, 259],0.010316909330305036
[257],0.01716230838331953
[40, 257],0.01716230838331953
[49, 257],0.01716230838331953
[40, 49, 257],0.01579667843146178
[260],0.01878629860572991
[40, 260],0.01878629860572991
[49, 260],0.01878629860572991
[40, 49, 260],0.04773141540567764
[42, 260],0.01878629860572991
[40, 42, 260],0.017510177118966994
[42, 49, 260],0.01878629860572991
[40, 42, 49, 260],0.014462615446338836
[33, 260],0.01878629860572991
[33, 49, 260],0.016714150745019012
[33, 40, 49, 260],0.012357835260563488
[33, 40, 260],0.018084397416251185
[39, 260],0.013907856943928083
[39, 49, 260],0.01037584847214784
[39, 40, 260],0.011028200620980007
[256],0.015025675450231491
[40, 256],0.015025675450231491
[49, 256],0.015025675450231491
[40, 49, 256],0.12745245520082576
[33, 256],0.015025675450231491
[33, 40, 256],0.015025675450231491
[33, 49, 256],0.015025675450231491
[33, 40, 49, 256],0.038227659532211515
[42, 256],0.015025675450231491
[40, 42, 256],0.015025675450231491
[42, 49, 256],0.015025675450231491
[40, 42, 49, 256],0.047380360110601934
[33, 42, 256],0.015025675450231491
[33, 40, 42, 256],0.013494233312521985
[33, 42, 49, 256],0.014356874035751525
[33, 40, 42, 49, 256],0.012438220626442165
[39, 42, 256],0.015025675450231491
[39, 40, 42, 256],0.015025675450231491
[39, 42, 49, 256],0.013622686401686051
[39, 40, 42, 49, 256],0.012018171371497199
[39, 256],0.015025675450231491
[39, 49, 256],0.015025675450231491
[39, 40, 49, 256],0.02460388253199295
[39, 40, 256],0.015025675450231491
[33, 39, 256],0.013229168915015806
[102, 256],0.010686272386997415
[66, 256],0.015025675450231491
[40, 66, 256],0.015025675450231491
[49, 66, 256],0.014403795208286633
[40, 49, 66, 256],0.010593796211433887
[268],0.014987435212451414
[40, 268],0.014987435212451414
[39, 268],0.014987435212451414
[39, 40, 268],0.013101165354371358
[39, 49, 268],0.014987435212451414
[39, 40, 49, 268],0.010186680051523426
[49, 268],0.014987435212451414
[40, 49, 268],0.05010480537623209
[42, 268],0.014987435212451414
[40, 42, 268],0.014987435212451414
[42, 49, 268],0.014987435212451414
[40, 42, 49, 268],0.013902046132995283
[33, 268],0.014987435212451414
[33, 40, 268],0.014987435212451414
[33, 49, 268],0.014987435212451414
[33, 40, 49, 268],0.014092251913878381
[272],0.02700282008089118
[40, 272],0.02700282008089118
[39, 272],0.02700282008089118
[39, 40, 272],0.02700282008089118
[39, 49, 272],0.02700282008089118
[39, 40, 49, 272],0.029350435481905357
[33, 39, 272],0.01864001897110816
[33, 39, 40, 272],0.014334322488632895
[33, 39, 49, 272],0.011586565945659459
[37, 272],0.010445119911511189
[37, 39, 272],0.010066655241884648
[49, 272],0.02700282008089118
[40, 49, 272],0.12069750971135074
[42, 272],0.02700282008089118
[40, 42, 272],0.02700282008089118
[42, 49, 272],0.02700282008089118
[40, 42, 49, 272],0.04664600737137712
[39, 42, 272],0.024318839368010117
[39, 40, 42, 272],0.016445614178885064
[39, 42, 49, 272],0.01757898819712892
[39, 40, 42, 49, 272],0.012108568428651573
[33, 42, 272],0.026549307614014306
[33, 40, 42, 272],0.019122853565310342
[33, 42, 49, 272],0.015069974460757125
[33, 40, 42, 49, 272],0.01035070143524951
[33, 272],0.02700282008089118
[33, 40, 272],0.02700282008089118
[33, 49, 272],0.02700282008089118
[33, 40, 49, 272],0.028061574863755934
[171, 272],0.011348183117019434
[39, 171, 272],0.011348183117019435
[42, 226, 272],0.01017147889149041
[66, 272],0.02700282008089118
[40, 66, 272],0.022367866420379003
[49, 66, 272],0.02290699119761283
[40, 49, 66, 272],0.014991954517699243
[42, 66, 272],0.010938710585441111
[271, 272],0.015726465883096372
[40, 271, 272],0.015726465883096372
[42, 271, 272],0.01454234595940032
[40, 42, 271, 272],0.012575158592922618
[42, 49, 271, 272],0.010376713035159052
[49, 271, 272],0.015726465883096372
[40, 49, 271, 272],0.018043356840624355
[272, 2239],0.01757874438055168
[40, 272, 2239],0.014696468061094632
[49, 272, 2239],0.014849816318121444
[40, 49, 272, 2239],0.011327286380211889
[90, 272],0.012156871568770829
[40, 90, 272],0.010725382641869141
[49, 90, 272],0.010890634854574874
[271],0.015726465883096372
[40, 271],0.015726465883096372
[39, 271, 272],0.012896864038845195
[39, 40, 271, 272],0.01065772194027181
[49, 271],0.015726465883096372
[40, 49, 271],0.1131911127820676
[39, 271],0.015726465883096372
[39, 40, 271],0.015726465883096372
[39, 49, 271],0.015726465883096372
[39, 40, 49, 271],0.02771404725980757
[33, 39, 271],0.014890659854773097
[33, 39, 40, 271],0.01048551042361922
[42, 271],0.015726465883096372
[40, 42, 271],0.015726465883096372
[42, 49, 271],0.015726465883096372
[40, 42, 49, 271],0.04694779951590755
[39, 42, 271],0.015726465883096372
[39, 40, 42, 271],0.015726465883096372
[39, 42, 49, 271],0.012947083451423964
[39, 40, 42, 49, 271],0.012366660902613182
[33, 42, 271],0.015726465883096372
[33, 40, 42, 271],0.01533173660414412
[33, 42, 49, 271],0.012937823526694142
[33, 271],0.015726465883096372
[33, 49, 271],0.015726465883096372
[33, 40, 49, 271],0.0225639864260031
[33, 40, 271],0.015726465883096372
[271, 2239],0.01757874438055168
[40, 271, 2239],0.01671052667874656
[49, 271, 2239],0.01110678920301218
[40, 49, 271, 2239],0.010170342095287516
[66, 271],0.015726465883096372
[40, 66, 271],0.015222397603422646
[49, 66, 271],0.015381816806577785
[40, 49, 66, 271],0.013388678296070733
[273],0.014599422069442274
[40, 273],0.014599422069442274
[49, 273],0.014599422069442274
[40, 49, 273],0.043712055768099854
[42, 273],0.014599422069442274
[40, 42, 273],0.014599422069442274
[42, 49, 273],0.014599422069442274
[40, 42, 49, 273],0.011548576168020684
[33, 273],0.014599422069442274
[33, 40, 273],0.014599422069442274
[33, 49, 273],0.014599422069442274
[33, 40, 49, 273],0.012599821862961847
[39, 273],0.014599422069442274
[39, 40, 273],0.014599422069442274
[39, 49, 273],0.014599422069442274
[39, 40, 49, 273],0.013348770314842755
[277],0.040051983955057685
[280],0.01078065160210857
[40, 280],0.01078065160210857
[49, 280],0.01078065160210857
[40, 49, 280],0.04161049231197213
[33, 280],0.01078065160210857
[33, 40, 280],0.01078065160210857
[33, 49, 280],0.01078065160210857
[33, 40, 49, 280],0.011972230271689668
[39, 280],0.01078065160210857
[39, 40, 280],0.01078065160210857
[39, 49, 280],0.010449031143923076
[42, 280],0.01078065160210857
[40, 42, 280],0.01078065160210857
[42, 49, 280],0.01078065160210857
[40, 42, 49, 280],0.017312450810133332
[66, 280],0.01078065160210857
[285],0.04185162047571403
[287],0.01538548558749581
[40, 287],0.01538548558749581
[49, 287],0.01538548558749581
[40, 49, 287],0.04429890858517227
[39, 287],0.01538548558749581
[39, 40, 287],0.01538548558749581
[39, 49, 287],0.01538548558749581
[39, 40, 49, 287],0.04323334712042941
[33, 39, 287],0.01538548558749581
[33, 39, 40, 287],0.01538548558749581
[33, 39, 49, 287],0.011768162765485165
[42, 287],0.01538548558749581
[39, 42, 287],0.01538548558749581
[39, 40, 42, 287],0.01538548558749581
[39, 42, 49, 287],0.01538548558749581
[39, 40, 42, 49, 287],0.014589793440509256
[33, 39, 42, 287],0.010339674767120475
[40, 42, 287],0.01538548558749581
[42, 49, 287],0.01538548558749581
[40, 42, 49, 287],0.015008432661872965
[33, 42, 287],0.010339674767120475
[33, 287],0.01538548558749581
[33, 40, 287],0.01538548558749581
[33, 49, 287],0.012346756334895731
[111, 287],0.013334177603493641
[40, 111, 287],0.011471568722836863
[39, 111, 287],0.01333417760349364
[39, 40, 111, 287],0.011471568722836863
[317],0.020369996050036678
[311],0.024075008060607573
[40, 311],0.024075008060607573
[39, 311],0.024075008060607573
[39, 40, 311],0.024075008060607573
[39, 49, 311],0.024075008060607573
[39, 40, 49, 311],0.044915488319004195
[33, 39, 311],0.01656505912811908
[33, 39, 49, 311],0.01376498277690015
[33, 39, 40, 49, 311],0.01087600093528135
[33, 39, 40, 311],0.012180436849868458
[49, 311],0.024075008060607573
[40, 49, 311],0.206588874630042
[33, 311],0.024075008060607573
[33, 40, 311],0.024075008060607573
[33, 49, 311],0.024075008060607573
[33, 40, 49, 311],0.055696708822792915
[42, 311],0.024075008060607573
[40, 42, 311],0.024075008060607573
[42, 49, 311],0.024075008060607573
[40, 42, 49, 311],0.08423323025073924
[33, 42, 311],0.024075008060607573
[33, 40, 42, 311],0.024075008060607573
[33, 42, 49, 311],0.024075008060607573
[33, 40, 42, 49, 311],0.027543096738620133
[39, 42, 311],0.024075008060607573
[39, 40, 42, 311],0.024066143523819493
[39, 42, 49, 311],0.02031005633822872
[39, 40, 42, 49, 311],0.01836609697149035
[171, 311],0.01908851160392913
[40, 171, 311],0.014913490849995721
[49, 171, 311],0.014749210709467825
[40, 49, 171, 311],0.013545749847234952
[39, 171, 311],0.018268874302525374
[39, 40, 171, 311],0.014301668922390487
[39, 49, 171, 311],0.013929573408064073
[39, 40, 49, 171, 311],0.012933927919629716
[66, 311],0.024075008060607573
[40, 66, 311],0.024075008060607573
[49, 66, 311],0.024075008060607573
[40, 49, 66, 311],0.02694410133888243
[42, 66, 311],0.010735928056501004
[40, 42, 66, 311],0.010096047450735763
[10, 311],0.011611704578114794
[311, 1147],0.010108584699927417
[309],0.017989801091017363
[40, 309],0.017989801091017363
[49, 309],0.017989801091017363
[40, 49, 309],0.020861661118388605
[309, 310],0.010747568210196417
[33, 309],0.0112078310979295
[309, 1270],0.010865804882660743
[40, 309, 1270],0.010732013593471158
[312],0.033956334119448935
[40, 312],0.012043002937422744
[310],0.011158904087226317
[40, 310],0.011158904087226317
[49, 310],0.011158904087226317
[40, 49, 310],0.019859138208411842
[33, 310],0.011158904087226317
[320],0.011843191156549929
[40, 320],0.011843191156549929
[39, 320],0.011843191156549929
[39, 40, 320],0.011843191156549929
[39, 49, 320],0.010986408535082088
[49, 320],0.011843191156549929
[40, 49, 320],0.032841263791850345
[33, 320],0.011843191156549929
[33, 49, 320],0.01197752451380181
[42, 320],0.011843191156549929
[40, 42, 320],0.011843191156549929
[42, 49, 320],0.011843191156549929
[40, 42, 49, 320],0.01569535584133698
[308],0.02038620866843007
[329],0.010958641526535138
[40, 329],0.010735385871577895
[49, 329],0.010958641526535138
[339],0.02298267369705275
[49, 339],0.02298267369705275
[40, 49, 339],0.0792103026626645
[39, 339],0.02298267369705275
[39, 49, 339],0.02298267369705275
[39, 40, 49, 339],0.017069037120928464
[39, 40, 339],0.02029271600735437
[90, 339],0.011312496301712124
[40, 339],0.02298267369705275
[42, 339],0.02298267369705275
[39, 42, 339],0.011336088858084042
[39, 42, 49, 339],0.010419446276733944
[42, 49, 339],0.02298267369705275
[40, 42, 49, 339],0.024757299023834948
[33, 42, 339],0.01264448011692829
[40, 42, 339],0.02298267369705275
[33, 339],0.02298267369705275
[33, 49, 339],0.02298267369705275
[33, 40, 49, 339],0.021764559618029273
[33, 40, 339],0.02298267369705275
[66, 339],0.02190653033274988
[171, 339],0.012584435640070507
[39, 171, 339],0.012584435640070507
[344],0.013225014405133198
[347],0.01740312429781198
[49, 347],0.01740312429781198
[40, 49, 347],0.024973028087118584
[42, 347],0.014581090365160993
[42, 49, 347],0.011448733500082508
[40, 42, 347],0.010386415114834388
[40, 347],0.01740312429781198
[33, 347],0.01601448122806869
[33, 49, 347],0.01013609312964843
[350],0.01846122184435207
[40, 350],0.014304349811386854
[362],0.017480328082186927
[366],0.013775360797876647
[49, 366],0.013775360797876647
[40, 49, 366],0.03426364973456996
[39, 366],0.013775360797876647
[39, 49, 366],0.013775360797876647
[39, 40, 49, 366],0.011693887781086525
[39, 40, 366],0.013775360797876647
[40, 366],0.013775360797876647
[33, 366],0.011968053410332878
[42, 366],0.013775360797876647
[40, 42, 366],0.013775360797876647
[42, 49, 366],0.013775360797876647
[40, 42, 49, 366],0.015526355008756295
[368],0.023496902529475103
[49, 368],0.010268215366222092
[375],0.03347187866048446
[40, 375],0.03347187866048446
[49, 375],0.03347187866048446
[40, 49, 375],0.04660316745057528
[39, 375],0.02035499183180531
[39, 40, 375],0.016717143425948867
[39, 49, 375],0.013480979747627285
[39, 40, 49, 375],0.011817180470820532
[42, 375],0.0328711165058994
[40, 42, 375],0.025685231495390537
[42, 49, 375],0.02064909505640689
[40, 42, 49, 375],0.01941453954951184
[33, 375],0.020049929781996115
[33, 40, 375],0.012921753124250713
[33, 49, 375],0.010433722086365812
[66, 375],0.014139967248773283
[371],0.012932092286272893
[40, 371],0.012932092286272893
[49, 371],0.012932092286272893
[40, 49, 371],0.021479022932148085
[39, 371],0.012932092286272893
[39, 40, 371],0.012932092286272893
[39, 49, 371],0.012932092286272893
[39, 40, 49, 371],0.02128201117168102
[42, 371],0.012932092286272893
[40, 42, 371],0.012932092286272893
[42, 49, 371],0.010277146387478566
[39, 42, 371],0.012932092286272893
[39, 40, 42, 371],0.012932092286272893
[39, 42, 49, 371],0.010227341001466822
[33, 371],0.010200121986778573
[376],0.014343778833355744
[385],0.023768743414735668
[40, 385],0.023768743414735668
[49, 385],0.023768743414735668
[40, 49, 385],0.025053653455279903
[42, 385],0.023768743414735668
[40, 42, 385],0.019946582955301745
[42, 49, 385],0.019762833392127727
[40, 42, 49, 385],0.01471029545756303
[39, 42, 385],0.01131288981942493
[33, 42, 385],0.010189550592104343
[39, 385],0.01848816774760429
[39, 40, 385],0.01319015995335989
[39, 49, 385],0.010874927906395843
[33, 385],0.021300590930777314
[33, 40, 385],0.015061776277723635
[33, 49, 385],0.013657572170152144
[386],0.014827565674067778
[380],0.012444615730457204
[40, 380],0.012444615730457204
[49, 380],0.012444615730457204
[40, 49, 380],0.0297441689447968
[42, 380],0.012444615730457204
[40, 42, 380],0.012444615730457204
[42, 49, 380],0.012444615730457204
[40, 42, 49, 380],0.012203242645854689
[39, 380],0.012444615730457204
[33, 380],0.012444615730457204
[33, 40, 380],0.012444615730457204
[33, 49, 380],0.010577064704183625
[389],0.025862867017180005
[40, 389],0.022979470771151256
[49, 389],0.0214535761968404
[40, 49, 389],0.013472338273728506
[42, 389],0.012228220898994233
[387],0.02445734218270481
[49, 387],0.01780226745659553
[40, 49, 387],0.013793875037863616
[40, 387],0.015075058684590158
[400],0.019871102715281353
[40, 400],0.019871102715281353
[49, 400],0.019871102715281353
[40, 49, 400],0.01349776493381866
[402],0.02525384521249409
[414],0.01348678522272579
[49, 414],0.01348678522272579
[40, 49, 414],0.12037947482321162
[49, 90, 414],0.012633855875668993
[40, 49, 90, 414],0.010282698285488907
[40, 90, 414],0.011158367572737365
[33, 414],0.01348678522272579
[33, 49, 414],0.01348678522272579
[33, 40, 49, 414],0.027399594166603307
[33, 40, 414],0.01348678522272579
[39, 414],0.01348678522272579
[39, 49, 414],0.01348678522272579
[39, 40, 49, 414],0.02779654795280464
[33, 39, 414],0.011671500585602367
[39, 40, 414],0.01348678522272579
[171, 414],0.01166935868669413
[49, 171, 414],0.011138899253594198
[39, 171, 414],0.01161080138771392
[39, 49, 171, 414],0.011080341954613993
[42, 414],0.01348678522272579
[42, 49, 414],0.01348678522272579
[40, 42, 49, 414],0.03947402767826787
[40, 42, 414],0.01348678522272579
[33, 42, 414],0.01348678522272579
[33, 40, 42, 414],0.01348678522272579
[33, 42, 49, 414],0.01348678522272579
[39, 42, 414],0.01348678522272579
[39, 40, 42, 414],0.01348678522272579
[39, 42, 49, 414],0.013206866947389734
[39, 40, 42, 49, 414],0.01016449326553923
[40, 414],0.01348678522272579
[414, 1005],0.013172457297412003
[66, 414],0.01348678522272579
[40, 66, 414],0.01348678522272579
[49, 66, 414],0.012914579757023889
[40, 49, 66, 414],0.011992115137230459
[102, 414],0.01348678522272579
[419],0.021160869063571883
[49, 419],0.021160869063571883
[40, 49, 419],0.03168478835970538
[40, 419],0.021160869063571883
[66, 419],0.010684222539206142
[42, 419],0.014368698504466619
[33, 419],0.015929858586065163
[33, 40, 419],0.0111433632761403
[33, 49, 419],0.01081317736962852
[39, 419],0.010616389315057307
[409],0.021611183620291213
[49, 409],0.021611183620291213
[40, 49, 409],0.030225410850515402
[40, 409],0.021611183620291213
[33, 409],0.011161194818292752
[42, 409],0.011581235878420776
[39, 409],0.012463354849882927
[424],0.013509126653449504
[40, 424],0.013509126653449504
[49, 424],0.013509126653449504
[40, 49, 424],0.02349332238809181
[42, 424],0.013509126653449504
[435],0.01089174909318885
[40, 435],0.01089174909318885
[49, 435],0.01089174909318885
[40, 49, 435],0.013694200879112292
[439],0.023948027148050045
[40, 439],0.023948027148050045
[49, 439],0.023948027148050045
[40, 49, 439],0.08222948291404177
[66, 439],0.013924987359689377
[40, 66, 439],0.010640729574151193
[39, 439],0.023948027148050045
[39, 40, 439],0.02328945381206032
[39, 49, 439],0.018338919229558003
[39, 40, 49, 439],0.014760415394491643
[42, 439],0.023948027148050045
[40, 42, 439],0.023948027148050045
[42, 49, 439],0.023948027148050045
[40, 42, 49, 439],0.033097111189314854
[39, 42, 439],0.011149369785242284
[33, 42, 439],0.014063021666157872
[33, 40, 42, 439],0.010429739342137702
[33, 42, 49, 439],0.011817002241400969
[33, 439],0.023948027148050045
[33, 40, 439],0.023948027148050045
[33, 49, 439],0.023948027148050045
[33, 40, 49, 439],0.027374378892270883
[444],0.023119992828811733
[447],0.013784734241919835
[49, 447],0.011960993125533977
[40, 447],0.010545827772166456
[459],0.027723337306059796
[49, 459],0.019126237667623003
[40, 49, 459],0.012434330450519235
[40, 459],0.015886444037747877
[454],0.010241170023926984
[453],0.014403326880050792
[476],0.02893588402447508
[40, 476],0.02893588402447508
[49, 476],0.02893588402447508
[40, 49, 476],0.17130362091069368
[42, 476],0.02893588402447508
[40, 42, 476],0.02893588402447508
[42, 49, 476],0.02893588402447508
[40, 42, 49, 476],0.062312528411773066
[39, 42, 476],0.02893588402447508
[39, 40, 42, 476],0.026828649224365713
[39, 42, 49, 476],0.02297716527866522
[39, 40, 42, 49, 476],0.019997880534518675
[33, 42, 476],0.02893588402447508
[33, 42, 49, 476],0.023618454866270316
[33, 40, 42, 49, 476],0.017613519405372067
[33, 40, 42, 476],0.022657587230773928
[33, 476],0.02893588402447508
[33, 49, 476],0.02893588402447508
[33, 40, 49, 476],0.042115355572860176
[33, 40, 476],0.02893588402447508
[39, 476],0.02893588402447508
[39, 49, 476],0.02893588402447508
[39, 40, 49, 476],0.04288685867196821
[33, 39, 476],0.017346881828169184
[33, 39, 49, 476],0.01258518082001324
[33, 39, 40, 476],0.014177146856727153
[39, 40, 476],0.02893588402447508
[171, 476],0.014440336849795787
[49, 171, 476],0.011236523112518668
[39, 171, 476],0.014440336849795787
[39, 49, 171, 476],0.011236523112518668
[39, 40, 171, 476],0.011299005523128913
[40, 171, 476],0.011299005523128914
[476, 678],0.010154494145528714
[66, 476],0.02893588402447508
[49, 66, 476],0.025249551233075533
[40, 49, 66, 476],0.02053543674065285
[42, 66, 476],0.013411383857429833
[42, 49, 66, 476],0.011535847003406192
[40, 42, 66, 476],0.011071022596301753
[40, 66, 476],0.024151714775393147
[478],0.010333710359650585
[483],0.01620456079494318
[482],0.0116931180018887
[40, 482],0.010388355802680228
[495],0.010799477217345765
[496],0.011096497884383806
[40, 496],0.011096497884383806
[49, 496],0.011096497884383806
[40, 49, 496],0.014011637324624746
[494],0.037634339845997254
[40, 494],0.0246911155499405
[49, 494],0.019872874472080176
[40, 49, 494],0.01273290764683598
[490],0.01928417030839008
[40, 490],0.01928417030839008
[49, 490],0.01928417030839008
[40, 49, 490],0.019887644371302807
[42, 490],0.012368944096194748
[502],0.01949569724292311
[49, 502],0.015737670649523118
[40, 49, 502],0.010252889012626583
[40, 502],0.016292644163363863
[503],0.01333556432971732
[49, 503],0.010129690789163646
[506],0.04537540594478589
[514],0.027721586015714988
[40, 514],0.015177064940231244
[49, 514],0.010756469169309031
[515],0.01501344070739134
[40, 515],0.01501344070739134
[49, 515],0.01501344070739134
[40, 49, 515],0.030407747180245154
[42, 515],0.01437355059763229
[40, 42, 515],0.012910277109097121
[42, 49, 515],0.010827291051975106
[66, 515],0.010560027300916283
[507],0.015344311885423765
[512],0.011796855805452786
[49, 512],0.011796855805452786
[40, 49, 512],0.01265620271609719
[33, 512],0.010700842832748513
[40, 512],0.011796855805452786
[523],0.010526242640095104
[49, 523],0.010526242640095104
[40, 49, 523],0.060603085295581616
[40, 523],0.010526242640095104
[66, 523],0.010526242640095104
[40, 66, 523],0.013070636365263958
[42, 523],0.010526242640095104
[40, 42, 523],0.010526242640095104
[42, 49, 523],0.010526242640095104
[40, 42, 49, 523],0.022424296219121648
[33, 523],0.010526242640095104
[33, 49, 523],0.010526242640095104
[33, 40, 49, 523],0.012545612117381729
[33, 40, 523],0.010526242640095104
[39, 523],0.010526242640095104
[39, 40, 523],0.010526242640095104
[39, 49, 523],0.010526242640095104
[39, 40, 49, 523],0.013063131396147126
[526],0.018849612676637265
[49, 526],0.018849612676637265
[40, 49, 526],0.013791922954097757
[40, 526],0.018849612676637265
[533],0.03237080750308928
[538],0.0631139402370146
[541],0.012119412906311024
[49, 541],0.011171920619618747
[534],0.01328260171017396
[49, 534],0.01328260171017396
[40, 49, 534],0.10065583519187024
[39, 534],0.01328260171017396
[39, 49, 534],0.01328260171017396
[39, 40, 49, 534],0.023773152361116066
[39, 40, 534],0.01328260171017396
[33, 39, 534],0.010301420588423265
[40, 534],0.01328260171017396
[33, 534],0.01328260171017396
[33, 40, 534],0.01328260171017396
[33, 49, 534],0.01328260171017396
[33, 40, 49, 534],0.024733106700301436
[42, 534],0.01328260171017396
[33, 42, 534],0.01328260171017396
[33, 40, 42, 534],0.011048114786864528
[33, 42, 49, 534],0.010092029819953432
[40, 42, 534],0.01328260171017396
[42, 49, 534],0.01328260171017396
[40, 42, 49, 534],0.03374935728544058
[39, 42, 534],0.01328260171017396
[39, 40, 42, 534],0.011359777542853132
[39, 42, 49, 534],0.010922055619326274
[66, 534],0.01328260171017396
[40, 66, 534],0.010651962684710126
[549],0.015051521574117906
[40, 549],0.015051521574117906
[49, 549],0.015051521574117906
[40, 49, 549],0.08048812153644125
[33, 549],0.015051521574117906
[33, 49, 549],0.015051521574117906
[33, 40, 49, 549],0.0282745732958411
[33, 40, 549],0.015051521574117906
[39, 549],0.015051521574117906
[39, 49, 549],0.015051521574117906
[39, 40, 49, 549],0.015848616783747466
[33, 39, 549],0.010042377043514357
[39, 40, 549],0.015051521574117906
[42, 549],0.015051521574117906
[40, 42, 549],0.015051521574117906
[42, 49, 549],0.015051521574117906
[40, 42, 49, 549],0.026867288369195965
[33, 42, 549],0.015051521574117906
[33, 40, 42, 549],0.013724613739016355
[33, 42, 49, 549],0.011744860494633969
[33, 40, 42, 49, 549],0.011064868031929409
[39, 42, 549],0.012150249906505494
[66, 549],0.013021140993932622
[559],0.019153973247935902
[40, 559],0.019153973247935902
[49, 559],0.019153973247935902
[40, 49, 559],0.021196973090788947
[569],0.013103083554649883
[571],0.014996350859480022
[40, 571],0.014996350859480022
[49, 571],0.014996350859480022
[40, 49, 571],0.0781319959516388
[33, 571],0.014996350859480022
[33, 40, 571],0.014996350859480022
[33, 49, 571],0.014996350859480022
[33, 40, 49, 571],0.018116718294667055
[42, 571],0.014996350859480022
[40, 42, 571],0.014996350859480022
[42, 49, 571],0.014996350859480022
[40, 42, 49, 571],0.03113349472751905
[33, 42, 571],0.014996350859480022
[33, 40, 42, 571],0.015382923645119107
[39, 42, 571],0.013405248157196858
[39, 40, 42, 571],0.013108613497505694
[39, 571],0.014996350859480022
[39, 40, 571],0.014996350859480022
[39, 49, 571],0.014996350859480022
[39, 40, 49, 571],0.020983269525871553
[66, 571],0.01386660657203238
[40, 66, 571],0.011295246820586972
[568],0.010391555257956004
[40, 568],0.010391555257956004
[49, 568],0.010391555257956004
[40, 49, 568],0.012476278737128192
[576],0.01364015516295013
[590],0.010415570750550029
[49, 590],0.010415570750550029
[40, 49, 590],0.05208938660646221
[39, 590],0.010415570750550029
[39, 49, 590],0.010415570750550029
[39, 40, 49, 590],0.012890609453043128
[39, 40, 590],0.010415570750550029
[40, 590],0.010415570750550029
[33, 590],0.010415570750550029
[33, 40, 590],0.010415570750550029
[33, 49, 590],0.010415570750550029
[33, 40, 49, 590],0.011870082096300694
[42, 590],0.010415570750550029
[40, 42, 590],0.010415570750550029
[33, 42, 590],0.010415570750550029
[42, 49, 590],0.010415570750550029
[40, 42, 49, 590],0.013917209989855368
[66, 590],0.010415570750550029
[49, 66, 590],0.010261618650841724
[578],0.010640746111107323
[582],0.011836373037196087
[49, 582],0.011836373037196087
[40, 49, 582],0.04518657064948472
[39, 582],0.011836373037196087
[39, 49, 582],0.011836373037196087
[39, 40, 49, 582],0.010763374287948574
[39, 40, 582],0.011836373037196087
[40, 582],0.011836373037196087
[42, 582],0.011836373037196087
[42, 49, 582],0.011836373037196087
[40, 42, 49, 582],0.012622265693726419
[40, 42, 582],0.011836373037196087
[33, 582],0.011836373037196087
[33, 49, 582],0.011836373037196087
[33, 40, 582],0.011836373037196087
[66, 582],0.011836373037196087
[577],0.027897435948936126
[49, 577],0.02526848439587256
[40, 49, 577],0.017408779611759847
[40, 577],0.027897435948936126
[42, 577],0.012373278980628396
[42, 49, 577],0.010066046418188895
[593],0.018359410746766832
[40, 593],0.018359410746766832
[49, 593],0.018359410746766832
[40, 49, 593],0.06922435013064152
[33, 593],0.018359410746766832
[33, 40, 593],0.018359410746766832
[33, 49, 593],0.018359410746766832
[33, 40, 49, 593],0.01740454256255754
[42, 593],0.018359410746766832
[40, 42, 593],0.018359410746766832
[42, 49, 593],0.018359410746766832
[40, 42, 49, 593],0.022007152889031264
[33, 42, 593],0.013248379942528345
[33, 40, 42, 593],0.010657689427296745
[39, 593],0.018359410746766832
[39, 40, 593],0.018359410746766832
[39, 49, 593],0.01820504940077024
[39, 40, 49, 593],0.014755358789816375
[66, 593],0.018359410746766832
[49, 66, 593],0.012837901783354751
[40, 49, 66, 593],0.010445898102562553
[40, 66, 593],0.012189773453281696
[595],0.02568132241286784
[605],0.013730083466199309
[40, 605],0.013730083466199309
[39, 605],0.013730083466199309
[39, 40, 605],0.013730083466199309
[39, 49, 605],0.013730083466199309
[39, 40, 49, 605],0.018874986959175805
[49, 605],0.013730083466199309
[40, 49, 605],0.08784386168602108
[33, 605],0.013730083466199309
[33, 40, 605],0.013730083466199309
[33, 49, 605],0.013730083466199309
[33, 40, 49, 605],0.016595425682059992
[42, 605],0.013730083466199309
[40, 42, 605],0.013730083466199309
[42, 49, 605],0.013730083466199309
[40, 42, 49, 605],0.02721140552834214
[39, 42, 605],0.013730083466199309
[39, 40, 42, 605],0.013730083466199309
[39, 42, 49, 605],0.011084398445766447
[39, 40, 42, 49, 605],0.010735899396631839
[90, 605],0.01049143073778189
[61, 605],0.01073996420218846
[66, 605],0.013730083466199309
[40, 66, 605],0.013730083466199309
[49, 66, 605],0.013730083466199309
[40, 49, 66, 605],0.013477349862683554
[622],0.030014351492549
[49, 622],0.01747423029039275
[40, 622],0.016018368665076964
[620],0.010403047725089756
[40, 620],0.010403047725089756
[49, 620],0.010403047725089756
[40, 49, 620],0.010689761826991315
[610],0.014315124648311889
[617],0.017001014293383836
[634],0.013857251822730387
[629],0.028043189387911383
[638],0.023581253502681192
[40, 638],0.014927514007520954
[49, 638],0.018201909788140402
[40, 49, 638],0.013052898224021519
[42, 638],0.010330581140193341
[647],0.011026042796185126
[40, 647],0.011333188935505552
[646],0.012788138201965994
[49, 646],0.010407645345876643
[651],0.01266922482659656
[40, 651],0.01266922482659656
[49, 651],0.01266922482659656
[40, 49, 651],0.018149950531620412
[42, 651],0.01266922482659656
[42, 49, 651],0.010589105493954018
[40, 42, 651],0.010540819320554442
[653],0.01514175658388664
[40, 653],0.01514175658388664
[42, 653],0.01514175658388664
[40, 42, 653],0.012187467846178716
[42, 49, 653],0.01209439656770503
[49, 653],0.01514175658388664
[40, 49, 653],0.024519088116905962
[33, 653],0.012536232065574734
[66, 653],0.013905905709542853
[659],0.012779935348665113
[660],0.023374027074528826
[40, 660],0.010399862434258653
[49, 660],0.010211286896671045
[670],0.011104019586845097
[40, 670],0.010019972786053481
[676],0.028074791567066257
[40, 676],0.028074791567066257
[49, 676],0.028074791567066257
[40, 49, 676],0.05891810770335684
[39, 676],0.01282392276448794
[33, 676],0.02474655489744632
[33, 40, 676],0.017467053819247944
[33, 49, 676],0.015051782186526277
[33, 40, 49, 676],0.013049755027294017
[42, 676],0.02301320375398437
[40, 42, 676],0.019763777743044452
[42, 49, 676],0.01613581260308867
[40, 42, 49, 676],0.014901927715535654
[66, 676],0.012018152441205656
[49, 66, 676],0.010087049623055625
[678],0.015437605186445734
[40, 678],0.015437605186445734
[42, 678],0.015437605186445734
[40, 42, 678],0.015437605186445734
[42, 49, 678],0.015437605186445734
[40, 42, 49, 678],0.02211697215770177
[33, 42, 678],0.010338480241288132
[49, 678],0.015437605186445734
[40, 49, 678],0.0625676129491037
[33, 678],0.015437605186445734
[33, 49, 678],0.015437605186445734
[33, 40, 49, 678],0.01765880045420502
[33, 40, 678],0.015437605186445734
[39, 678],0.015437605186445734
[39, 40, 678],0.01167215102773312
[39, 49, 678],0.010415918742121938
[685],0.021521745862135944
[40, 685],0.021521745862135944
[49, 685],0.021521745862135944
[40, 49, 685],0.020572514093720132
[33, 685],0.011360513697778199
[693],0.01258058410264252
[40, 693],0.01258058410264252
[49, 693],0.01258058410264252
[40, 49, 693],0.011465267946239569
[696],0.013696819385237842
[40, 696],0.013696819385237842
[49, 696],0.013696819385237842
[40, 49, 696],0.01165944358258948
[704],0.024559106827417285
[40, 704],0.024559106827417285
[33, 704],0.023724869392052563
[33, 40, 704],0.01689576406034588
[33, 49, 704],0.015810479584959406
[33, 40, 49, 704],0.012541567670712132
[49, 704],0.024559106827417285
[40, 49, 704],0.04492672757964255
[39, 704],0.01601326711525041
[42, 704],0.024559106827417285
[40, 42, 704],0.01996743686582419
[42, 49, 704],0.015029969858593048
[40, 42, 49, 704],0.012862124000884457
[66, 704],0.012633287589488595
[711],0.012506907299972319
[714],0.018625066840319334
[40, 714],0.018625066840319334
[49, 714],0.018625066840319334
[40, 49, 714],0.014672284518241383
[42, 714],0.010052219914114676
[33, 714],0.010123816298775025
[716],0.011395804624065534
[40, 716],0.011395804624065534
[49, 716],0.011395804624065534
[40, 49, 716],0.02780590700903241
[39, 716],0.010391589865021608
[42, 716],0.011395804624065534
[33, 716],0.011395804624065534
[719],0.01569111267094422
[40, 719],0.01569111267094422
[49, 719],0.01569111267094422
[40, 49, 719],0.02044074188548974
[42, 719],0.011902712944813864
[40, 42, 719],0.010501968107634985
[39, 719],0.0125236317589793
[39, 40, 719],0.010215465219572475
[729],0.021269039470831773
[49, 729],0.01199387412879685
[731],0.010441936609530807
[40, 731],0.010441936609530807
[49, 731],0.010441936609530807
[40, 49, 731],0.028431300646450143
[42, 731],0.010441936609530807
[40, 42, 731],0.010441936609530807
[42, 49, 731],0.010441936609530807
[33, 731],0.010441936609530807
[741],0.014295982483900719
[40, 741],0.014295982483900719
[49, 741],0.014295982483900719
[40, 49, 741],0.054453943558287976
[39, 741],0.014295982483900719
[39, 40, 741],0.014295982483900719
[39, 49, 741],0.011914370453356768
[42, 741],0.014295982483900719
[40, 42, 741],0.014295982483900719
[42, 49, 741],0.014295982483900719
[40, 42, 49, 741],0.011402474970717523
[33, 741],0.014295982483900719
[734],0.01804197116965325
[748],0.010379622633649253
[751],0.013380126095321118
[40, 751],0.01048811684863004
[753],0.014324077416750755
[752],0.01702478728850855
[40, 752],0.01702478728850855
[49, 752],0.01702478728850855
[40, 49, 752],0.02678441873416108
[33, 752],0.014778537022574504
[33, 40, 752],0.011015553432327015
[39, 752],0.011303465985285038
[42, 752],0.01702478728850855
[40, 42, 752],0.0132948981764392
[42, 49, 752],0.012874901714560946
[40, 42, 49, 752],0.010705439338807042
[758],0.016775979842972345
[40, 758],0.016775979842972345
[49, 758],0.016775979842972345
[40, 49, 758],0.020835176727249428
[39, 758],0.010777161620443478
[42, 758],0.015381036619915965
[40, 42, 758],0.012157322620871948
[42, 49, 758],0.012723964469967155
[40, 42, 49, 758],0.010900507908965816
[762],0.020254801099978924
[778],0.010724953628326187
[779],0.02430511601420996
[784],0.012616642760986101
[40, 784],0.012616642760986101
[49, 784],0.012616642760986101
[40, 49, 784],0.06643577400120225
[42, 784],0.012616642760986101
[40, 42, 784],0.012616642760986101
[42, 49, 784],0.012616642760986101
[40, 42, 49, 784],0.017702946745033317
[39, 42, 784],0.011119148183852018
[39, 784],0.012616642760986101
[39, 40, 784],0.012616642760986101
[39, 49, 784],0.012616642760986101
[39, 40, 49, 784],0.01918717408078071
[33, 784],0.012616642760986101
[33, 40, 784],0.012616642760986101
[33, 49, 784],0.012616642760986101
[33, 40, 49, 784],0.015018784272691672
[66, 784],0.012616642760986101
[40, 66, 784],0.012574853903898687
[49, 66, 784],0.010362089519377688
[787],0.01346122072804367
[782],0.024748829784191483
[40, 782],0.023965748875803477
[49, 782],0.02014261570586377
[40, 49, 782],0.014813355351976441
[33, 782],0.010435346460636246
[791],0.012361720178762792
[40, 791],0.012361720178762792
[39, 791],0.012361720178762792
[39, 40, 791],0.012361720178762792
[39, 49, 791],0.012361720178762792
[39, 40, 49, 791],0.028939989220684897
[33, 39, 791],0.012361720178762792
[33, 39, 40, 791],0.012361720178762792
[33, 39, 49, 791],0.012361720178762792
[33, 39, 40, 49, 791],0.011740052804521724
[42, 791],0.012361720178762792
[40, 42, 791],0.012361720178762792
[39, 42, 791],0.012361720178762792
[39, 40, 42, 791],0.012361720178762792
[39, 42, 49, 791],0.012361720178762792
[39, 40, 42, 49, 791],0.016642477066038976
[33, 39, 42, 791],0.010047837996853512
[42, 49, 791],0.012361720178762792
[40, 42, 49, 791],0.01676107967376682
[33, 42, 791],0.010047837996853512
[49, 791],0.012361720178762792
[40, 49, 791],0.02987450677666503
[33, 791],0.012361720178762792
[33, 40, 791],0.012361720178762792
[33, 49, 791],0.012361720178762792
[33, 40, 49, 791],0.011740052804521724
[804],0.020379860258440796
[793],0.010584286921107267
[40, 793],0.010584286921107267
[49, 793],0.010584286921107267
[40, 49, 793],0.010476274227678974
[802],0.011592103187831583
[40, 802],0.011592103187831583
[49, 802],0.011592103187831583
[40, 49, 802],0.01704648501819921
[42, 802],0.010092067245872562
[40, 42, 802],0.010092067245872562
[809],0.01966413125674142
[40, 809],0.01966413125674142
[49, 809],0.01966413125674142
[40, 49, 809],0.025570278269010743
[42, 809],0.01966413125674142
[40, 42, 809],0.017892745128807945
[42, 49, 809],0.013203235283993319
[40, 42, 49, 809],0.011778665634495629
[39, 809],0.014974323128873717
[39, 40, 809],0.01134770490836342
[33, 809],0.017338045892906915
[33, 49, 809],0.011209649212475034
[817],0.010745614922413025
[40, 817],0.01239843849473531
[824],0.042782872236685726
[823],0.010290263896463758
[830],0.016052908619932374
[40, 830],0.016052908619932374
[49, 830],0.016052908619932374
[40, 49, 830],0.018171022865233383
[42, 830],0.013751169274150302
[40, 42, 830],0.0109507147360042
[825],0.01259860516499471
[40, 825],0.01259860516499471
[49, 825],0.01259860516499471
[40, 49, 825],0.06720251130362244
[42, 825],0.01259860516499471
[40, 42, 825],0.01259860516499471
[42, 49, 825],0.01259860516499471
[40, 42, 49, 825],0.027962350308880342
[39, 42, 825],0.010044290485293218
[33, 42, 825],0.01259860516499471
[33, 42, 49, 825],0.011670608545597979
[39, 825],0.01259860516499471
[39, 40, 825],0.01259860516499471
[39, 49, 825],0.01259860516499471
[39, 40, 49, 825],0.013605389833268125
[66, 825],0.01259860516499471
[49, 66, 825],0.010714920192561359
[33, 825],0.01259860516499471
[33, 40, 825],0.01259860516499471
[33, 49, 825],0.01259860516499471
[33, 40, 49, 825],0.016232144089618317
[832],0.016231541791438486
[40, 832],0.016231541791438486
[49, 832],0.016231541791438486
[40, 49, 832],0.037144215011460174
[42, 832],0.01419210297929925
[42, 49, 832],0.012701098360094575
[40, 42, 49, 832],0.010825994633779389
[40, 42, 832],0.012151860116071805
[33, 832],0.013759605694590988
[33, 49, 832],0.01108623680343171
[39, 832],0.010703233658099621
[840],0.016397443438733235
[40, 840],0.011986270645076806
[843],0.014340193775440333
[39, 843],0.013900887009145099
[39, 40, 843],0.010392847504067694
[40, 843],0.014340193775440333
[33, 843],0.014340193775440333
[33, 40, 843],0.010861575211076219
[49, 843],0.014340193775440333
[40, 49, 843],0.024483428522826773
[42, 843],0.014340193775440333
[40, 42, 843],0.010148739860364077
[176, 843],0.01126997140732435
[842],0.010699744412498206
[857],0.015559586143363585
[40, 857],0.015559586143363585
[49, 857],0.015559586143363585
[40, 49, 857],0.031275872014808186
[39, 857],0.014296814475592091
[42, 857],0.015559586143363585
[40, 42, 857],0.012458601570955729
[42, 49, 857],0.012768206207547057
[40, 42, 49, 857],0.010686678870064897
[66, 857],0.011584538490487758
[33, 857],0.015559586143363585
[33, 49, 857],0.010632401719280414
[856],0.026583064119079333
[40, 856],0.026583064119079333
[49, 856],0.026583064119079333
[40, 49, 856],0.024147997561095366
[39, 856],0.01743096810466373
[39, 40, 856],0.011115061170135878
[42, 856],0.02615376041173358
[40, 42, 856],0.015094339937532814
[42, 49, 856],0.01361685501023955
[33, 856],0.013026325811628792
[866],0.011818382666203027
[40, 866],0.011818382666203027
[49, 866],0.011818382666203027
[40, 49, 866],0.038361632797132846
[39, 866],0.011818382666203027
[39, 40, 866],0.011818382666203027
[39, 49, 866],0.010790451999821524
[33, 866],0.011818382666203027
[33, 40, 866],0.010535518058950508
[33, 49, 866],0.011326523286388708
[42, 866],0.011818382666203027
[40, 42, 866],0.011818382666203027
[42, 49, 866],0.011818382666203027
[40, 42, 49, 866],0.01249097066565924
[875],0.010196939596334095
[40, 875],0.010196939596334095
[49, 875],0.010196939596334095
[886],0.012286673889052576
[39, 886],0.012286673889052576
[39, 49, 886],0.01018071618877289
[40, 886],0.012286673889052576
[49, 886],0.012286673889052576
[40, 49, 886],0.0360164681843045
[42, 886],0.012286673889052576
[40, 42, 886],0.012286673889052576
[42, 49, 886],0.012286673889052576
[40, 42, 49, 886],0.011672608241916722
[33, 886],0.012286673889052576
[33, 40, 886],0.012286673889052576
[33, 49, 886],0.012286673889052576
[66, 886],0.01035837633757682
[873],0.019672547653064
[868],0.027470798831953837
[874],0.024216490342429307
[890],0.014365173453603332
[898],0.016515587688017967
[40, 898],0.010411259877640756
[904],0.013411198738922618
[40, 904],0.013411198738922618
[49, 904],0.013411198738922618
[40, 49, 904],0.02526877582115822
[39, 904],0.013411198738922618
[39, 40, 904],0.013411198738922618
[39, 49, 904],0.010620920050084024
[42, 904],0.013411198738922618
[40, 42, 904],0.013518611510944217
[33, 904],0.013411198738922618
[33, 40, 904],0.010024467164597154
[914],0.019579334666260377
[49, 914],0.019579334666260377
[40, 49, 914],0.04255634913707157
[66, 914],0.013109129349305144
[40, 914],0.019579334666260377
[33, 914],0.019579334666260377
[33, 40, 914],0.017093787567601028
[33, 49, 914],0.017605150960682766
[33, 40, 49, 914],0.013705974032804335
[39, 914],0.011771111218675204
[39, 40, 914],0.010415444075888918
[42, 914],0.019579334666260377
[40, 42, 914],0.019579334666260377
[42, 49, 914],0.019521213738889334
[40, 42, 49, 914],0.017090619214683623
[912],0.010229465883949365
[49, 912],0.010229465883949365
[40, 49, 912],0.020038101782971243
[40, 912],0.010229465883949365
[33, 912],0.010229465883949365
[42, 912],0.010229465883949365
[40, 42, 912],0.010072633970538682
[39, 912],0.010229465883949365
[39, 49, 912],0.012883278383119697
[910],0.011862788395832474
[49, 910],0.011862788395832474
[40, 910],0.011862788395832474
[930],0.016447166571183273
[941],0.013682757103921608
[40, 941],0.010529020928470198
[940],0.016776275574680827
[40, 940],0.016776275574680827
[49, 940],0.016776275574680827
[40, 49, 940],0.0123109646401596
[953],0.013902813413244983
[952],0.01650734349558871
[957],0.013787502252254715
[40, 957],0.013787502252254715
[42, 957],0.013787502252254715
[40, 42, 957],0.013787502252254715
[42, 49, 957],0.013787502252254715
[40, 42, 49, 957],0.020793334092660862
[39, 42, 957],0.013787502252254715
[39, 40, 42, 957],0.013813288143807195
[33, 42, 957],0.013787502252254715
[33, 42, 49, 957],0.01092960578573908
[33, 40, 42, 957],0.010926477974442142
[49, 957],0.013787502252254715
[40, 49, 957],0.06408447769824112
[39, 957],0.013787502252254715
[39, 40, 957],0.013787502252254715
[39, 49, 957],0.013787502252254715
[39, 40, 49, 957],0.012645686405814444
[66, 957],0.013787502252254715
[40, 66, 957],0.013787502252254715
[49, 66, 957],0.013787502252254715
[40, 49, 66, 957],0.012358064449299266
[33, 957],0.013787502252254715
[33, 49, 957],0.013787502252254715
[33, 40, 49, 957],0.016376139335459786
[33, 40, 957],0.013787502252254715
[960],0.010810202839074214
[40, 960],0.010810202839074214
[49, 960],0.010810202839074214
[967],0.023842995925932413
[40, 967],0.01842462375083038
[49, 967],0.019703121773256515
[40, 49, 967],0.012575667430098492
[978],0.01592656870086565
[969],0.018457696899686477
[40, 969],0.016988124673833763
[49, 969],0.018457696899686477
[40, 49, 969],0.01480424595154512
[994],0.012747736995283329
[40, 994],0.012747736995283329
[49, 994],0.012747736995283329
[40, 49, 994],0.02301106424663772
[33, 994],0.012747736995283329
[33, 49, 994],0.012127219156747658
[1005],0.022353280688531915
[66, 1005],0.017250796067497756
[40, 1005],0.022353280688531915
[49, 1005],0.022353280688531915
[40, 49, 1005],0.05889773490606767
[42, 1005],0.022353280688531915
[40, 42, 1005],0.022353280688531915
[42, 49, 1005],0.022353280688531915
[40, 42, 49, 1005],0.01699396332089245
[33, 42, 1005],0.015667480870709783
[33, 40, 42, 1005],0.011883976893138085
[33, 42, 49, 1005],0.013072265781761004
[33, 1005],0.022353280688531915
[33, 40, 1005],0.022353280688531915
[33, 49, 1005],0.022353280688531915
[33, 40, 49, 1005],0.022872343435642477
[39, 1005],0.022353280688531915
[39, 40, 1005],0.016959526671855202
[39, 49, 1005],0.015645435354999186
[33, 39, 1005],0.010618765015557086
[1010],0.012412413530712605
[1026],0.014896653142563564
[40, 1026],0.014896653142563564
[49, 1026],0.014896653142563564
[1024],0.01585944101223184
[40, 1024],0.01585944101223184
[42, 1024],0.01585944101223184
[40, 42, 1024],0.012300707843531794
[49, 1024],0.01585944101223184
[40, 49, 1024],0.016129689486063258
[1027],0.0161646956037238
[40, 1027],0.0161646956037238
[42, 1027],0.01257802776286601
[40, 42, 1027],0.011325990090284333
[39, 1027],0.012501043839587347
[39, 40, 1027],0.011572156903789632
[49, 1027],0.0161646956037238
[40, 49, 1027],0.01991231977452999
[1035],0.02557686012940913
[40, 1035],0.01415486409554521
[1044],0.013226500869256055
[39, 1044],0.013226500869256055
[39, 40, 1044],0.012433928175274075
[39, 49, 1044],0.010734823012504975
[40, 1044],0.013226500869256055
[33, 1044],0.013226500869256055
[33, 49, 1044],0.010094723294749138
[42, 1044],0.013226500869256055
[40, 42, 1044],0.01276456449088409
[42, 49, 1044],0.011314312562587973
[40, 42, 49, 1044],0.010535705083665211
[49, 1044],0.013226500869256055
[40, 49, 1044],0.035537118484515615
[1040],0.03246598413194696
[1032],0.011323117963893651
[49, 1032],0.011323117963893651
[40, 1032],0.011323117963893651
[1029],0.037314730840030425
[1043],0.01730414089861617
[1050],0.028408518165948155
[1053],0.02251422955780054
[33, 1053],0.010366981503133308
[40, 1053],0.02251422955780054
[49, 1053],0.02251422955780054
[40, 49, 1053],0.020746139745340324
[42, 1053],0.013962247033635305
[40, 42, 1053],0.011282645493415894
[39, 1053],0.012478715540452053
[1058],0.010842755341029367
[1059],0.0167340480333925
[1064],0.010976514518681922
[40, 1064],0.010976514518681922
[49, 1064],0.010976514518681922
[40, 49, 1064],0.02020681467349945
[42, 1064],0.010976514518681922
[40, 42, 1064],0.010044533687875418
[1069],0.013657535959366519
[1068],0.01280005041234112
[49, 1068],0.01280005041234112
[40, 49, 1068],0.03513206258788067
[33, 1068],0.01280005041234112
[33, 49, 1068],0.012153970527586351
[33, 40, 1068],0.010106187247210222
[39, 1068],0.01280005041234112
[39, 40, 1068],0.012234865935814463
[40, 1068],0.01280005041234112
[42, 1068],0.01280005041234112
[40, 42, 1068],0.01280005041234112
[42, 49, 1068],0.01280005041234112
[40, 42, 49, 1068],0.017198548966631456
[49, 108, 1068],0.0101413743819132
[1072],0.038597957899175576
[40, 1072],0.02853678649701124
[49, 1072],0.03258817455398463
[40, 49, 1072],0.023492820152822773
[42, 1072],0.011566893698451059
[42, 49, 1072],0.010279606751377911
[33, 1072],0.010178745705440771
[66, 1072],0.01093885653208123
[1073],0.015354332100818942
[40, 1073],0.015354332100818942
[49, 1073],0.014189496922689887
[40, 49, 1073],0.012182529207318079
[1080],0.040095541290683726
[1077],0.020172814094953834
[49, 1077],0.012719999666301319
[40, 1077],0.010519436783858723
[1078],0.014247007238544409
[1095],0.01269037120282745
[40, 1095],0.01269037120282745
[49, 1095],0.01269037120282745
[40, 49, 1095],0.015366798452188614
[1097],0.014601556057619036
[49, 1097],0.014601556057619036
[40, 49, 1097],0.01932568435368697
[40, 1097],0.014601556057619036
[33, 1097],0.010960069441403722
[42, 1097],0.01151907753575046
[1103],0.02681954173580678
[1098],0.01015691640404843
[1105],0.05872884254929315
[40, 1105],0.0191403790789138
[49, 1105],0.01704618724585743
[1107],0.010615860788921856
[1106],0.011146896054876305
[40, 1106],0.011146896054876305
[49, 1106],0.011146896054876305
[40, 49, 1106],0.013723062595566961
[1116],0.010434417176452014
[40, 1116],0.010434417176452014
[49, 1116],0.010434417176452014
[40, 49, 1116],0.012696536775217693
[1135],0.01815211957522365
[1136],0.020418062267708006
[33, 1136],0.020418062267708006
[33, 40, 1136],0.01691827184671626
[33, 49, 1136],0.017823251911751624
[33, 40, 49, 1136],0.013775841004602458
[40, 1136],0.020418062267708006
[49, 1136],0.020418062267708006
[40, 49, 1136],0.059771166867467626
[42, 1136],0.020418062267708006
[40, 42, 1136],0.020418062267708006
[42, 49, 1136],0.020418062267708006
[40, 42, 49, 1136],0.02440595842474093
[39, 1136],0.01816828827819579
[39, 40, 1136],0.014879000929582657
[39, 49, 1136],0.016358212362186722
[39, 40, 49, 1136],0.014030136889003678
[1139],0.01036902874275153
[40, 1139],0.01036902874275153
[49, 1139],0.01036902874275153
[1138],0.010145689313514934
[1147],0.0162772591644983
[40, 1147],0.0162772591644983
[49, 1147],0.0162772591644983
[40, 49, 1147],0.08098766324656216
[33, 1147],0.0162772591644983
[33, 40, 1147],0.0162772591644983
[33, 49, 1147],0.0162772591644983
[33, 40, 49, 1147],0.02071520473823459
[39, 1147],0.0162772591644983
[39, 40, 1147],0.0162772591644983
[39, 49, 1147],0.0162772591644983
[39, 40, 49, 1147],0.018815085109067573
[42, 1147],0.0162772591644983
[40, 42, 1147],0.0162772591644983
[42, 49, 1147],0.0162772591644983
[40, 42, 49, 1147],0.034186157578205714
[33, 42, 1147],0.01373460139615369
[39, 42, 1147],0.013122531697983976
[39, 40, 42, 1147],0.011566350750545776
[66, 1147],0.0162772591644983
[40, 66, 1147],0.0162772591644983
[49, 66, 1147],0.0162772591644983
[40, 49, 66, 1147],0.013467310342619263
[42, 66, 1147],0.010705573097027715
[1153],0.022286973607088374
[40, 1153],0.01149488846467732
[49, 1153],0.011540701787365023
[1150],0.024884366407787885
[1157],0.013749150948249748
[40, 1157],0.011182170961078718
[1161],0.019673800661683314
[49, 1161],0.019673800661683314
[40, 49, 1161],0.022230845615002826
[39, 1161],0.010685671298899897
[40, 1161],0.019673800661683314
[42, 1161],0.010854248498196195
[40, 42, 1161],0.010083517730025441
[33, 1161],0.01354561455534127
[33, 40, 1161],0.011820728329207886
[1164],0.010431421517962395
[40, 1164],0.010431421517962395
[49, 1164],0.010431421517962395
[40, 49, 1164],0.01761706775299325
[39, 1164],0.010431421517962395
[1183],0.01667968343105302
[49, 1183],0.011522787110322043
[40, 1183],0.011436288762285238
[1198],0.014306045164252188
[1206],0.022935021183122333
[1210],0.02044171427911453
[40, 1210],0.02044171427911453
[39, 1210],0.013380472248082831
[39, 40, 1210],0.011407349530593514
[49, 1210],0.02044171427911453
[40, 49, 1210],0.02514852337449757
[42, 1210],0.011837902662637676
[33, 1210],0.012783958556141098
[33, 49, 1210],0.010069351900861799
[1211],0.01278681114449519
[40, 1211],0.01278681114449519
[49, 1211],0.01278681114449519
[40, 49, 1211],0.012929566927406813
[1212],0.011017302917771593
[1219],0.022293924337170954
[1217],0.03801063546272991
[1228],0.022285818046784565
[40, 1228],0.01270027351057258
[49, 1228],0.011799826780889127
[1234],0.015816981713476747
[40, 1234],0.015816981713476747
[49, 1234],0.015816981713476747
[40, 49, 1234],0.012239626721347848
[42, 1234],0.013151975596809664
[40, 42, 1234],0.01142447594248426
[1233],0.022559740886183597
[40, 1233],0.022559740886183597
[49, 1233],0.022559740886183597
[40, 49, 1233],0.019671132439473014
[42, 1233],0.010090787481307026
[1239],0.018074039756597656
[1245],0.024183447508013066
[40, 1245],0.012053549056679956
[49, 1245],0.01178296492663967
[1247],0.012348578829754691
[40, 1247],0.012348578829754691
[49, 1247],0.012348578829754691
[1261],0.014137421774542523
[49, 1261],0.011551308099649889
[1255],0.010892524977743035
[1269],0.01196958760258868
[1270],0.010865804882660743
[40, 1270],0.010865804882660743
[49, 1270],0.010865804882660743
[40, 49, 1270],0.019612296170194377
[310, 1270],0.010865804882660743
[33, 1270],0.010438065092986018
[1275],0.031807741586695956
[40, 1275],0.0100168375897529
[49, 1275],0.010589360905214385
[1278],0.03619871077730523
[39, 1278],0.01033135438149473
[40, 1278],0.03619871077730523
[49, 1278],0.0329956083094353
[40, 49, 1278],0.02573825241612511
[33, 1278],0.01576334548885899
[33, 40, 1278],0.010825438584137302
[1284],0.016850017354422042
[1282],0.01207680665808895
[42, 1282],0.011706186492578367
[40, 1282],0.01207680665808895
[49, 1282],0.01207680665808895
[40, 49, 1282],0.02435766636773027
[33, 1282],0.01207680665808895
[33, 40, 1282],0.01005506935951533
[33, 49, 1282],0.010159511223594308
[66, 1282],0.01029102858645031
[1292],0.012765130624318296
[49, 1292],0.012765130624318296
[40, 49, 1292],0.01990193049410703
[40, 1292],0.012765130624318296
[42, 1292],0.012765130624318296
[40, 42, 1292],0.012765130624318296
[42, 49, 1292],0.010362519909743321
[33, 1292],0.01004471010088729
[1293],0.010198161762646141
[1294],0.010593730724920935
[1305],0.025675957966266257
[1308],0.019360303747494884
[40, 1308],0.011060137500068542
[49, 1308],0.012776534778307659
[1299],0.03027580542302646
[1304],0.03003833635754068
[1309],0.021340809976876457
[42, 1309],0.010143568920910468
[49, 1309],0.021340809976876457
[40, 49, 1309],0.01601696511339387
[40, 1309],0.021340809976876457
[33, 1309],0.01089070241683077
[1313],0.017078623917674042
[40, 1313],0.013263573343791812
[49, 1313],0.014635649182286166
[40, 49, 1313],0.011021621270786283
[1314],0.01024718520403456
[40, 1314],0.01024718520403456
[49, 1314],0.01024718520403456
[40, 49, 1314],0.027152209886780906
[39, 1314],0.01024718520403456
[42, 1314],0.01024718520403456
[40, 42, 1314],0.01024718520403456
[42, 49, 1314],0.01024718520403456
[33, 1314],0.01024718520403456
[33, 40, 1314],0.010258345188549577
[1325],0.014681917900450994
[49, 1325],0.010558869477260164
[1328],0.013783489787033162
[40, 1328],0.013783489787033162
[49, 1328],0.013783489787033162
[40, 49, 1328],0.08563517110201954
[39, 1328],0.013783489787033162
[39, 40, 1328],0.013783489787033162
[39, 49, 1328],0.013783489787033162
[39, 40, 49, 1328],0.024800215122508105
[33, 39, 1328],0.01002641046714319
[42, 1328],0.013783489787033162
[40, 42, 1328],0.013783489787033162
[42, 49, 1328],0.013783489787033162
[40, 42, 49, 1328],0.03927204342691119
[39, 42, 1328],0.013783489787033162
[39, 40, 42, 1328],0.013783489787033162
[39, 42, 49, 1328],0.013783489787033162
[39, 40, 42, 49, 1328],0.015760565847624967
[33, 42, 1328],0.013783489787033162
[33, 40, 42, 1328],0.013783489787033162
[33, 42, 49, 1328],0.013783489787033162
[33, 40, 42, 49, 1328],0.015430579047284584
[90, 1328],0.011707646440314214
[33, 1328],0.013783489787033162
[33, 40, 1328],0.013783489787033162
[33, 49, 1328],0.013783489787033162
[33, 40, 49, 1328],0.025444267821795964
[66, 1328],0.013783489787033162
[1321],0.024473455750328284
[49, 1321],0.010844631306187076
[1326],0.012471140080092754
[1343],0.013217913801758775
[49, 1343],0.013217913801758775
[40, 49, 1343],0.017520491823545935
[40, 1343],0.013217913801758775
[1345],0.013015931824710815
[40, 1345],0.013015931824710815
[49, 1345],0.013015931824710815
[40, 49, 1345],0.051457821817493025
[33, 1345],0.013015931824710815
[33, 40, 1345],0.013015931824710815
[33, 49, 1345],0.013015931824710815
[33, 40, 49, 1345],0.012469489374602344
[42, 1345],0.013015931824710815
[42, 49, 1345],0.013015931824710815
[40, 42, 49, 1345],0.029526175615651556
[33, 42, 1345],0.013015931824710815
[33, 42, 49, 1345],0.012095272700353635
[33, 40, 42, 1345],0.010706465193402629
[40, 42, 1345],0.013015931824710815
[39, 42, 1345],0.012073785830977575
[39, 1345],0.013015931824710815
[39, 40, 1345],0.013015931824710815
[39, 49, 1345],0.013015931824710815
[39, 40, 49, 1345],0.012727319671528075
[1346],0.0139503582632228
[40, 1346],0.0139503582632228
[49, 1346],0.0139503582632228
[40, 49, 1346],0.01634745045255845
[39, 1346],0.0139503582632228
[39, 40, 1346],0.013169460160722807
[1351],0.010233675652931448
[49, 1351],0.012760391384648701
[1385],0.014762940051575774
[33, 1385],0.011741521744639946
[1379],0.015450809274682434
[40, 1379],0.015450809274682434
[42, 1379],0.010344108570538496
[49, 1379],0.015450809274682434
[40, 49, 1379],0.020586766694597896
[33, 1379],0.012010931925454252
[33, 40, 1379],0.010336827951810228
[310, 1379],0.01257911467874712
[1270, 1379],0.010392850257322738
[1374],0.029714354846081308
[1360],0.010254482760451733
[1396],0.027593646112294014
[49, 1396],0.01893998362432395
[40, 49, 1396],0.012674066543765038
[40, 1396],0.021899409184300663
[1405],0.017012160979614634
[49, 1405],0.017012160979614634
[40, 49, 1405],0.0315358565055567
[40, 1405],0.017012160979614634
[39, 1405],0.013492903765207561
[39, 49, 1405],0.011446346184349114
[42, 1405],0.016906813161588236
[40, 42, 1405],0.010702706928282202
[42, 49, 1405],0.013967795475749053
[33, 1405],0.017012160979614634
[33, 40, 1405],0.012708726908622608
[33, 49, 1405],0.011273050085736893
[1406],0.013106099923391281
[1426],0.017285514270338122
[40, 1426],0.017285514270338122
[49, 1426],0.017285514270338122
[40, 49, 1426],0.02803275127479225
[42, 1426],0.017285514270338122
[40, 42, 1426],0.017285514270338122
[42, 49, 1426],0.014791748175745226
[40, 42, 49, 1426],0.01388352954474345
[33, 1426],0.012724281289851726
[33, 40, 1426],0.010067778403972038
[1423],0.023784122909600545
[40, 1423],0.01884098201201628
[49, 1423],0.015286120977766238
[40, 49, 1423],0.012226687713272599
[42, 1423],0.010627223931235432
[1432],0.012401079742097462
[1429],0.011645542613172024
[40, 1429],0.011645542613172024
[49, 1429],0.011645542613172024
[40, 49, 1429],0.013701852839160042
[39, 1429],0.010676534264272322
[1444],0.03390185836209161
[1446],0.03210648049211256
[40, 1446],0.01093074014121657
[1445],0.019630624963249552
[40, 1445],0.019630624963249552
[49, 1445],0.019630624963249552
[40, 49, 1445],0.025996689209619447
[33, 1445],0.015653122190407445
[39, 1445],0.012376829161746442
[42, 1445],0.015822748207634543
[40, 42, 1445],0.011431333928582468
[42, 49, 1445],0.010920095896512704
[1450],0.02268601653004313
[1455],0.016465614014465745
[1461],0.023610681202111006
[1459],0.016821652590821683
[1473],0.010995384286685039
[1487],0.012398448531599923
[40, 1487],0.012398448531599923
[42, 1487],0.012398448531599923
[40, 42, 1487],0.012398448531599923
[42, 49, 1487],0.012398448531599923
[40, 42, 49, 1487],0.01692599650703483
[49, 1487],0.012398448531599923
[40, 49, 1487],0.039195038233693275
[33, 1487],0.012398448531599923
[33, 40, 1487],0.012398448531599923
[33, 49, 1487],0.012398448531599923
[33, 40, 49, 1487],0.012638683478959337
[39, 1487],0.01165205245352521
[1490],0.01694458022646566
[49, 1490],0.01694458022646566
[40, 49, 1490],0.01426408006790434
[39, 1490],0.014688665830810804
[40, 1490],0.01694458022646566
[42, 1490],0.010583992459134103
[1504],0.01118696644659123
[49, 1504],0.01118696644659123
[40, 49, 1504],0.01364409855004243
[40, 1504],0.01118696644659123
[1514],0.010922253593497609
[40, 1514],0.010922253593497609
[49, 1514],0.010922253593497609
[40, 49, 1514],0.02502156134770698
[42, 1514],0.010922253593497609
[1512],0.018260832498547423
[1515],0.023058278832701305
[1511],0.012584855681148222
[1536],0.019860399738234828
[1539],0.01334138453281174
[49, 1539],0.01334138453281174
[40, 49, 1539],0.0256317573294881
[39, 1539],0.01334138453281174
[39, 40, 1539],0.014466665490746797
[42, 1539],0.011801618127494182
[40, 42, 1539],0.010920053240733498
[42, 49, 1539],0.010022063706274481
[40, 1539],0.01334138453281174
[1549],0.016105817963612976
[1545],0.012657084759113497
[1551],0.03720243263435043
[1564],0.014425116194843138
[1586],0.04601541018748731
[40, 1586],0.026594219746502466
[49, 1586],0.02346167662089042
[40, 49, 1586],0.01716592220897052
[42, 1586],0.011973883442747184
[1594],0.016470922790958287
[40, 1594],0.016470922790958287
[42, 1594],0.016470922790958287
[40, 42, 1594],0.015978708082675108
[42, 49, 1594],0.012920516940886886
[40, 42, 49, 1594],0.011783317215101714
[49, 1594],0.016470922790958287
[40, 49, 1594],0.01867618263522196
[1593],0.014563134844766887
[40, 1593],0.014563134844766887
[42, 1593],0.010141545431161369
[49, 1593],0.014563134844766887
[40, 49, 1593],0.01881994210699779
[33, 1593],0.01057453560923853
[1603],0.03631138511079668
[49, 1603],0.029546484375699882
[40, 49, 1603],0.017871178378016325
[33, 1603],0.012398796299002762
[40, 1603],0.030342642859155503
[1601],0.026606286527396442
[49, 1601],0.026606286527396442
[40, 49, 1601],0.03813569618104142
[39, 1601],0.01984380938308504
[39, 49, 1601],0.010946407389947139
[39, 40, 1601],0.013668257869963583
[42, 1601],0.025802961368366066
[42, 49, 1601],0.01492040878237821
[40, 42, 49, 1601],0.013364374977902466
[40, 42, 1601],0.021218501481187247
[40, 1601],0.026606286527396442
[66, 1601],0.0101027975215755
[33, 1601],0.024893464164576096
[33, 40, 1601],0.018198023935066275
[33, 49, 1601],0.010536738184502166
[1615],0.017903067853187956
[1618],0.061239183514158635
[1622],0.01308516978996998
[1630],0.022702986756963677
[40, 1630],0.022702986756963677
[49, 1630],0.022702986756963677
[40, 49, 1630],0.021097380971553576
[42, 1630],0.011568668325329587
[1639],0.018596135198098926
[40, 1639],0.018596135198098926
[49, 1639],0.018596135198098926
[40, 49, 1639],0.032970150174346964
[42, 1639],0.013157671574532891
[42, 49, 1639],0.011869329357692268
[40, 42, 1639],0.010333023775375044
[33, 1639],0.010806369440071122
[39, 1639],0.014766265670591876
[39, 40, 1639],0.010565826551215568
[39, 49, 1639],0.012769179098762637
[1647],0.01487924580483465
[40, 1647],0.011674939085926
[49, 1647],0.010651867369839293
[1642],0.016024593847419867
[1645],0.030698954723857884
[1649],0.011513605111684689
[1654],0.014306944023093009
[1651],0.02742558477400178
[1681],0.014135842527477144
[1689],0.014380358311041775
[1699],0.013220971997011199
[40, 1699],0.013220971997011199
[49, 1699],0.013220971997011199
[40, 49, 1699],0.02732661227446587
[42, 1699],0.013220971997011199
[40, 42, 1699],0.013220971997011199
[42, 49, 1699],0.013220971997011199
[40, 42, 49, 1699],0.012956383417448699
[33, 1699],0.012040184056374722
[33, 40, 1699],0.01040132654317252
[1694],0.019682004949931168
[40, 1694],0.019682004949931168
[49, 1694],0.019682004949931168
[40, 49, 1694],0.042449495477472864
[42, 1694],0.019510543543047244
[40, 42, 1694],0.014338991759072621
[42, 49, 1694],0.013662720408702825
[40, 42, 49, 1694],0.011938556269457721
[33, 1694],0.019682004949931168
[33, 49, 1694],0.01574665998973156
[33, 40, 49, 1694],0.011360681365501111
[33, 40, 1694],0.014399869443473766
[39, 1694],0.017267398907743686
[39, 40, 1694],0.010289181664029529
[39, 49, 1694],0.011685906620841038
[1704],0.016489564039211004
[1715],0.021832280148304656
[49, 1715],0.021832280148304656
[40, 49, 1715],0.03417497774763874
[39, 1715],0.01454344268894512
[39, 40, 1715],0.010877947443049518
[42, 1715],0.020977659594269848
[42, 49, 1715],0.013102898490134945
[40, 42, 1715],0.014298933079517961
[40, 1715],0.021832280148304656
[33, 1715],0.013281865226172885
[66, 1715],0.012052931368153542
[1717],0.011685396722909278
[1711],0.013098303247789496
[1742],0.01482521074843424
[40, 1742],0.01482521074843424
[39, 1742],0.010853757737800899
[39, 40, 1742],0.010569432775706388
[49, 1742],0.01482521074843424
[40, 49, 1742],0.015912067429635874
[1743],0.013437329586388441
[1749],0.015915468095372275
[1766],0.018226352335147206
[40, 1766],0.01755684459185487
[49, 1766],0.016460297678689353
[42, 1766],0.011074425882941615
[1762],0.027439666385253494
[1763],0.02326300402063068
[1773],0.015971098527147787
[40, 1773],0.015971098527147787
[49, 1773],0.015971098527147787
[40, 49, 1773],0.010394684136732626
[1778],0.011035934367020715
[1782],0.02783356867347347
[40, 1782],0.022891583530600317
[49, 1782],0.021789717946342827
[40, 49, 1782],0.013979854142137656
[42, 1782],0.012723880378414832
[42, 49, 1782],0.010241261300712578
[1780],0.010278338793327638
[1786],0.011405170309300237
[1789],0.020310381193354096
[1802],0.012178709804021698
[1816],0.02709693989085151
[49, 1816],0.024234435816227955
[40, 49, 1816],0.01292575813869085
[42, 1816],0.012550283989169434
[40, 1816],0.02014926120053092
[1813],0.012468626795301915
[1815],0.011977012405447173
[49, 1815],0.011977012405447173
[40, 49, 1815],0.052721578291168275
[42, 1815],0.011977012405447173
[42, 49, 1815],0.011977012405447173
[40, 42, 49, 1815],0.01492253842915803
[40, 42, 1815],0.011977012405447173
[40, 1815],0.011977012405447173
[39, 1815],0.011977012405447173
[39, 49, 1815],0.011977012405447173
[39, 40, 49, 1815],0.01339248768095625
[39, 40, 1815],0.011977012405447173
[33, 1815],0.011977012405447173
[33, 40, 1815],0.011977012405447173
[33, 49, 1815],0.011977012405447173
[66, 1815],0.011977012405447173
[1825],0.019011788032283133
[40, 1825],0.011100469299606864
[49, 1825],0.012989620050449024
[1823],0.011463773513210205
[40, 1823],0.010032079842736973
[49, 1823],0.011463773513210205
[1836],0.013874296964463146
[1838],0.015238510375139496
[40, 1838],0.015238510375139496
[49, 1838],0.015238510375139496
[40, 49, 1838],0.014804212374301597
[1857],0.019368600289313663
[1856],0.011555331005234449
[40, 1856],0.011555331005234449
[49, 1856],0.011555331005234449
[40, 49, 1856],0.012162370090999677
[1862],0.046428581480993845
[1876],0.012398415010810702
[1880],0.015860723836852917
[1883],0.01679228226000972
[1884],0.014734203245103605
[1898],0.014895791229089279
[49, 1898],0.014895791229089279
[40, 1898],0.014895791229089279
[1901],0.015271518771057924
[1909],0.010418474778851874
[1924],0.01693613397623231
[1928],0.05109517439673978
[1929],0.012199401412189776
[1931],0.0242563744601449
[40, 1931],0.0242563744601449
[49, 1931],0.0242563744601449
[40, 49, 1931],0.021845309569594695
[42, 1931],0.01466890243094331
[40, 42, 1931],0.010625732467940876
[66, 1931],0.011207568012116791
[1932],0.011538513197973601
[1945],0.030627381777894865
[1951],0.018755247602603286
[1956],0.02811030541845988
[1954],0.014104764923460649
[1965],0.011431040796969286
[40, 1965],0.011431040796969286
[49, 1965],0.011431040796969286
[40, 49, 1965],0.019924778524567154
[1967],0.011267050039350648
[40, 1967],0.011267050039350648
[49, 1967],0.011267050039350648
[40, 49, 1967],0.018282419674947127
[42, 1967],0.011267050039350648
[40, 42, 1967],0.011267050039350648
[42, 49, 1967],0.011267050039350648
[40, 42, 49, 1967],0.011880634975664982
[1978],0.02307348390332571
[1985],0.01795322769911363
[1986],0.015223386183217036
[1987],0.016354316305149996
[39, 1987],0.016354316305149996
[39, 40, 1987],0.016354316305149996
[39, 49, 1987],0.011783986359355896
[39, 40, 49, 1987],0.011280015545321157
[40, 1987],0.016354316305149996
[49, 1987],0.016354316305149996
[40, 49, 1987],0.043712686218221414
[42, 1987],0.016354316305149996
[40, 42, 1987],0.016354316305149996
[42, 49, 1987],0.016354316305149996
[40, 42, 49, 1987],0.014059076917313963
[66, 1987],0.010696427735316488
[33, 1987],0.015232388741493921
[1988],0.017694924448471067
[39, 1988],0.017694924448471067
[39, 49, 1988],0.014276902131566108
[39, 40, 49, 1988],0.01243444431344929
[39, 40, 1988],0.017178462471206087
[40, 1988],0.017694924448471067
[49, 1988],0.017694924448471067
[40, 49, 1988],0.030548558284659737
[42, 1988],0.015032751754817452
[40, 42, 1988],0.013239290073197279
[42, 49, 1988],0.010733112764330168
[40, 42, 49, 1988],0.010572405130029942
[33, 1988],0.012470568935295356
[1991],0.010760052246923873
[2015],0.017249253870301767
[2018],0.02530103799113683
[2032],0.010740020101201522
[2043],0.01449247479803719
[2044],0.012249732163764224
[49, 2044],0.011643008629612104
[40, 49, 2044],0.010504559563156709
[40, 2044],0.012249732163764224
[2046],0.010537602725484221
[2047],0.015148377029058975
[40, 2047],0.015148377029058975
[49, 2047],0.015148377029058975
[40, 49, 2047],0.027770877598107074
[42, 2047],0.015148377029058975
[40, 42, 2047],0.014581086201217347
[42, 49, 2047],0.011215158401831073
[39, 2047],0.012040873474487271
[33, 2047],0.015148377029058975
[33, 40, 2047],0.011858532635118471
[33, 49, 2047],0.013895261508477605
[2056],0.01554642150487248
[2055],0.010571545491045234
[40, 2055],0.010571545491045234
[49, 2055],0.010571545491045234
[40, 49, 2055],0.02321632791889035
[33, 2055],0.010571545491045234
[42, 2055],0.01043070077394244
[2059],0.011343756782947089
[40, 2059],0.011343756782947089
[49, 2059],0.011343756782947089
[40, 49, 2059],0.013012492011152357
[2061],0.018715883558672482
[40, 2061],0.012592388653677462
[2064],0.026764332289347565
[2075],0.024468839844894587
[2073],0.01709011013877142
[40, 2073],0.011365496851833808
[49, 2073],0.012373815037768143
[2082],0.010710782886224358
[2097],0.01453512336341311
[2094],0.010689402352194214
[2101],0.018573474938183274
[40, 2101],0.010273691198112472
[2102],0.01673449584040655
[40, 2102],0.014076189761673713
[49, 2102],0.011659316918545146
[40, 49, 2102],0.010570841964899947
[2107],0.023659530595343852
[2109],0.013525359093555171
[2111],0.011244801275963985
[2125],0.014025254335880382
[2117],0.01441534269675314
[2124],0.011799652375197077
[2148],0.01567174858616344
[49, 2148],0.01567174858616344
[40, 49, 2148],0.016104114014170248
[40, 2148],0.01567174858616344
[33, 2148],0.010985439760070265
[2131],0.036013211184804175
[49, 2131],0.016625175284490874
[40, 49, 2131],0.011713673353006208
[40, 2131],0.01257409394604713
[2136],0.030319646270694268
[49, 2136],0.030319646270694268
[40, 49, 2136],0.04540393732096999
[40, 2136],0.030319646270694268
[42, 2136],0.025403549498891082
[40, 42, 2136],0.02374914304381246
[42, 49, 2136],0.019905965060370488
[40, 42, 49, 2136],0.018789473439924053
[66, 2136],0.012682907085893268
[33, 2136],0.017847181473320296
[33, 40, 2136],0.01430343530224593
[33, 49, 2136],0.012278963691401554
[33, 40, 49, 2136],0.012039347967488803
[39, 2136],0.01585519831904902
[39, 40, 2136],0.01360010400054294
[39, 49, 2136],0.015114326170043657
[39, 40, 49, 2136],0.012933579813977409
[2162],0.02439025984542633
[40, 2162],0.010668821410119529
[2155],0.02364844499883906
[49, 2155],0.01727192082221165
[40, 49, 2155],0.01350998028638584
[42, 2155],0.010738561638121024
[40, 42, 2155],0.010738561638121029
[40, 2155],0.020281365977638268
[2161],0.016703097597564245
[2167],0.011752373533355244
[40, 2167],0.011752373533355244
[49, 2167],0.011752373533355244
[40, 49, 2167],0.011005680232312163
[2171],0.022111843776480972
[40, 2171],0.010786212458593902
[2180],0.04152423384503235
[2179],0.013996128129341617
[2183],0.015853612017579486
[40, 2183],0.015281543925072773
[49, 2183],0.01381762294692231
[40, 49, 2183],0.010961204040396938
[2193],0.019939160463680917
[2197],0.022364512791661687
[2199],0.03585480104384089
[2200],0.010145168539326458
[39, 2200],0.010145168539326458
[39, 49, 2200],0.010145168539326458
[39, 40, 49, 2200],0.01118988589605999
[39, 40, 2200],0.010145168539326458
[42, 2200],0.010145168539326458
[40, 42, 2200],0.010145168539326458
[42, 49, 2200],0.010145168539326458
[40, 42, 49, 2200],0.02203289811419956
[40, 2200],0.010145168539326458
[49, 2200],0.010145168539326458
[40, 49, 2200],0.04707190113698743
[33, 2200],0.010145168539326458
[66, 2200],0.010145168539326458
[2203],0.011946861163835289
[40, 2203],0.011946861163835289
[49, 2203],0.011946861163835289
[40, 49, 2203],0.010135446566536381
[2201],0.012908677891198123
[2218],0.010727525209685694
[2221],0.014044750339823558
[2234],0.020944138132471358
[49, 2234],0.013653591780209338
[2239],0.01757874438055168
[49, 2239],0.01757874438055168
[40, 49, 2239],0.12780528962816162
[33, 2239],0.01757874438055168
[33, 49, 2239],0.01757874438055168
[33, 40, 49, 2239],0.03606374860093894
[33, 40, 2239],0.01757874438055168
[39, 2239],0.01757874438055168
[39, 49, 2239],0.01757874438055168
[39, 40, 49, 2239],0.03796440141433934
[33, 39, 2239],0.01757874438055168
[33, 39, 49, 2239],0.010425177250289627
[33, 39, 40, 2239],0.015178212731300256
[39, 40, 2239],0.01757874438055168
[42, 2239],0.01757874438055168
[42, 49, 2239],0.01757874438055168
[40, 42, 49, 2239],0.054782253569533895
[33, 42, 2239],0.01757874438055168
[33, 42, 49, 2239],0.014091737478226674
[33, 40, 42, 49, 2239],0.012364002359829342
[33, 40, 42, 2239],0.01757874438055168
[39, 42, 2239],0.01757874438055168
[39, 42, 49, 2239],0.01757874438055168
[39, 40, 42, 49, 2239],0.017047694135229087
[39, 40, 42, 2239],0.01757874438055168
[40, 42, 2239],0.01757874438055168
[40, 2239],0.01757874438055168
[66, 2239],0.01757874438055168
[40, 66, 2239],0.01757874438055168
[49, 66, 2239],0.01757874438055168
[40, 49, 66, 2239],0.014894455886575595
[171, 2239],0.01474112905293345
[39, 171, 2239],0.01474112905293345
[39, 40, 171, 2239],0.010947226505079025
[39, 49, 171, 2239],0.010371805835188218
[40, 171, 2239],0.010947226505079023
[49, 171, 2239],0.010371805835188218
[2232],0.01070440029078402
[2238],0.015795070238088876
[2231],0.01588342143276667
[2243],0.018637366053415094
[49, 2243],0.016258045635902694
[40, 49, 2243],0.010500811778753564
[40, 2243],0.013052169214899125
[2241],0.033834278764986306
[40, 2241],0.02257869899604398
[49, 2241],0.020529207529688995
[40, 49, 2241],0.013976279770326703
[42, 2241],0.01211542957564057
[40, 42, 2241],0.010430158969789428
[2246],0.018686813162712132
[2272],0.016850780488370694
[2273],0.020907429878300576
[2275],0.011337377607254765
[2277],0.013634614294786858
[40, 2277],0.013634614294786858
[49, 2277],0.013634614294786858
[40, 49, 2277],0.011282091026472554
[2281],0.01892577065505896
[2282],0.012020468242290767
[40, 2282],0.012020468242290767
[49, 2282],0.012020468242290767
[2285],0.0137744472616504
[40, 2285],0.0137744472616504
[49, 2285],0.0137744472616504
[40, 49, 2285],0.04515616601992808
[66, 2285],0.013113618421134406
[33, 2285],0.0137744472616504
[33, 40, 2285],0.012294557567325832
[33, 49, 2285],0.012570797109141798
[33, 40, 49, 2285],0.010837000176183104
[42, 2285],0.0137744472616504
[40, 42, 2285],0.0137744472616504
[42, 49, 2285],0.0137744472616504
[40, 42, 49, 2285],0.020423102405448857
[39, 2285],0.0137744472616504
[39, 40, 2285],0.0137744472616504
[39, 49, 2285],0.0137744472616504
[39, 40, 49, 2285],0.013487431402015677
[2288],0.014092953059792142
[2289],0.020617708684521986
[2290],0.01265264676411284
[2298],0.019277047364335092
[40, 2298],0.013090405206010161
[49, 2298],0.010973614113648155
[2308],0.026114673422093414
[2319],0.02426577524252511
[2320],0.021030012473423784
[2315],0.011076731828741472
[49, 2315],0.01029287306844033
[2322],0.01103199065050042
[2331],0.014766112556126854
[2333],0.021998539903221044
[40, 2333],0.011984691330004524
[2341],0.023133696182722624
[2336],0.02168770454514395
[49, 2336],0.012813650181987523
[40, 49, 2336],0.011164332924090546
[40, 2336],0.01441457952610694
[2349],0.021480137759229242
[2354],0.016992636991091624
[40, 2354],0.016992636991091624
[49, 2354],0.016992636991091624
[40, 49, 2354],0.029188544417579256
[39, 2354],0.014796058268677147
[39, 40, 2354],0.012579845107753476
[39, 49, 2354],0.01164150346919568
[39, 40, 49, 2354],0.01067033471213161
[42, 2354],0.01437495215736492
[40, 42, 2354],0.01128783770820002
[42, 49, 2354],0.010417212842994803
[66, 2354],0.016992636991091624
[33, 2354],0.016992636991091624
[33, 40, 2354],0.013240368651357626
[33, 49, 2354],0.012803592570412192
[33, 40, 49, 2354],0.011056439344958988
[2364],0.019732222015220357
[49, 2364],0.011928938694718236
[40, 2364],0.013740881585474886
[2372],0.014940054757948788
[2386],0.01067571995491968
[2388],0.021178420837424956
[2399],0.02350214053873697
[2407],0.012377530939571606
[49, 2407],0.012377530939571606
[40, 49, 2407],0.014369282914203476
[33, 2407],0.011411266026830812
[40, 2407],0.012377530939571606
[2417],0.012826698328886334
[2419],0.016874722808784885
[2430],0.019620535033624438
[2436],0.010413725299994944
[2437],0.018195769242868434
[40, 2437],0.013914540788175344
[49, 2437],0.013789521109753322
[2460],0.011455760763634823
[2456],0.010857150101351491
[2458],0.01636489090112625
[2477],0.010885842985765412
[49, 2477],0.010885842985765412
[40, 49, 2477],0.011383576253318336
[40, 2477],0.010885842985765412
[2483],0.01902439193157107
[2490],0.02813623959499045
[40, 2490],0.01090504455749939
[49, 2490],0.010357284721995182
[42, 2490],0.010126455112843397
[2494],0.012695908249012382
[40, 2494],0.012695908249012382
[49, 2494],0.012695908249012382
[40, 49, 2494],0.021562921974902054
[33, 2494],0.012004570141227156
[2496],0.015592004319153701
[40, 2496],0.015592004319153701
[42, 2496],0.013814400828889866
[40, 42, 2496],0.010865244013241912
[42, 49, 2496],0.011835363433943617
[40, 42, 49, 2496],0.010239275890149755
[49, 2496],0.015592004319153701
[40, 49, 2496],0.021607439277851838
[33, 2496],0.011056221012565029
[2499],0.02738763699224852
[2497],0.016098417344891074
[2510],0.020730020180636386
[2521],0.038962117858649455
[2523],0.0201991717721989
[2537],0.018219351852391204
[40, 2537],0.010077161585365667
[49, 2537],0.01015178761116766
[2531],0.014173032280879317
[2548],0.019770675179125004
[2550],0.016631201365173827
[2555],0.010246855177562145
[49, 2555],0.010246855177562145
[40, 49, 2555],0.011368744826116432
[40, 2555],0.010246855177562145
[2574],0.012804091058504006
[40, 2574],0.012804091058504006
[49, 2574],0.012804091058504006
[40, 49, 2574],0.017370389208961577
[33, 2574],0.011127715486208561
[2591],0.01260960387061898
[2593],0.013935251715133809
[40, 2593],0.010092746129836244
[49, 2593],0.01124409454992227
[2602],0.02466822048388149
[2605],0.01952674953276653
[2615],0.015662718615884443
[2617],0.022992335945296465
[2623],0.018585823057131454
[2627],0.017263731803001087
[40, 2627],0.017263731803001087
[49, 2627],0.017263731803001087
[40, 49, 2627],0.029972580502814646
[33, 2627],0.015305118301030296
[33, 40, 2627],0.011564581869132725
[33, 49, 2627],0.011184609747462665
[39, 2627],0.010176844780464323
[42, 2627],0.011527438435166933
[40, 42, 2627],0.010832148242298594
[42, 49, 2627],0.010105197028778849
[2634],0.010502680075169905
[40, 2634],0.010502680075169905
[49, 2634],0.010502680075169905
[40, 49, 2634],0.02144978665589511
[42, 2634],0.010502680075169905
[40, 42, 2634],0.010502680075169905
[42, 49, 2634],0.010502680075169905
[40, 42, 49, 2634],0.010709881415348132
[33, 2634],0.010502680075169905
[2639],0.031011891393173553
[2644],0.029697814543506087
[2646],0.015687430287767614
[2654],0.019246094551386518
[2658],0.021031349425554072
[49, 2658],0.010462298804717492
[2661],0.024953529145258654
[2660],0.025420572656976878
[2680],0.02628301813613787
[2682],0.01176342322738693
[2698],0.017144398667000346
[2696],0.0166621287144028
[2703],0.024842179392865395
[2707],0.024276336819036213
[40, 2707],0.015822999027937917
[49, 2707],0.02080037320708228
[40, 49, 2707],0.012114281874214827
[33, 2707],0.013525822188194257
[2715],0.03996003756457228
[2719],0.026416043060044782
[2723],0.010769667884950939
[2722],0.01429800890782775
[40, 2722],0.01429800890782775
[49, 2722],0.01429800890782775
[40, 49, 2722],0.014095746570925166
[2724],0.032070349950472095
[40, 2724],0.016352783809985543
[49, 2724],0.015795510914504558
[40, 49, 2724],0.010486039943477792
[2726],0.010022668709099692
[2732],0.012561684662187692
[2736],0.010064739178730795
[2743],0.01016058139144513
[49, 2743],0.012720049736064633
[2748],0.042134657598851245
[2747],0.012237995354422665
[40, 2747],0.012237995354422665
[49, 2747],0.012237995354422665
[40, 49, 2747],0.022283767707601335
[39, 2747],0.012237995354422665
[39, 40, 2747],0.01309867843887395
[2766],0.014518911678815014
[2771],0.014230761119767428
[2773],0.012844631585314107
[2778],0.02280990495794826
[2786],0.01320694034136891
[40, 2786],0.011766501945055166
[49, 2786],0.011701848472339235
[2795],0.013080922859822734
[2809],0.018342553193987143
[40, 2809],0.014063794891797996
[49, 2809],0.015479507570379912
[40, 49, 2809],0.011415471674132743
[2817],0.019922389203409205
[2815],0.01508837729689734
[40, 2815],0.010623181639270706
[49, 2815],0.012991803863720989
[2816],0.020703120559270705
[40, 2816],0.020703120559270705
[49, 2816],0.020703120559270705
[40, 49, 2816],0.016290741241416867
[42, 2816],0.013879753242217876
[40, 42, 2816],0.011592788704773168
[2818],0.04221932815973594
[40, 2818],0.017521988327045955
[49, 2818],0.012256871290684469
[2824],0.012297463554142277
[2828],0.012560795513065418
[2835],0.012977240278421709
[2840],0.03445751222350065
[2844],0.01332988307278389
[40, 2844],0.01332988307278389
[33, 2844],0.01332988307278389
[33, 49, 2844],0.012033399613808244
[42, 2844],0.01332988307278389
[42, 49, 2844],0.011059531811566397
[49, 2844],0.01332988307278389
[40, 49, 2844],0.015993584945975588
[2851],0.017458796610788252
[2857],0.012517815708300241
[49, 2857],0.012517815708300241
[40, 49, 2857],0.018464991046772298
[40, 2857],0.012517815708300241
[33, 2857],0.012286455451676758
[42, 2857],0.010335139117239248
[2860],0.014218516515713086
[2858],0.02006811477848735
[2864],0.0171940397657187
[2869],0.010239921017374259
[2871],0.020336864474160235
[40, 2871],0.019439599984572672
[49, 2871],0.020336864474160235
[40, 49, 2871],0.017256626760949724
[2875],0.02891330657874229
[40, 2875],0.02556403784864598
[42, 2875],0.013558880711755707
[49, 2875],0.023838973083488122
[40, 49, 2875],0.016168165258315676
[2880],0.023368405254222818
[40, 2880],0.023368405254222818
[42, 2880],0.017427639823034673
[40, 42, 2880],0.010915994050163903
[42, 49, 2880],0.012405240204089823
[39, 2880],0.010172789741812864
[49, 2880],0.023368405254222818
[40, 49, 2880],0.02776264479020123
[33, 2880],0.01724957701407112
[33, 49, 2880],0.011375686985749398
[2876],0.02247738098895499
[2883],0.020138623020564378
[2885],0.03170808144566062
[2889],0.014811126887069283
[40, 2889],0.014465065367531813
[49, 2889],0.013663946231636595
[40, 49, 2889],0.011944116960804406
[2890],0.015055843314924265
[2904],0.010698930156704957
[2900],0.01560341259420342
[2909],0.015221242684861943
[2913],0.010125192279767542
[2917],0.031080216012829728
[49, 2917],0.011360591850517908
[40, 2917],0.01217255672664326
[2930],0.018456875653186017
[2928],0.011200603145096771
[2936],0.010384954366901657
[2938],0.010007099823040435
[2944],0.03284890369132124
[2945],0.01430238228862342
[2952],0.014313644243429357
[40, 2952],0.011498658982067688
[49, 2952],0.014313644243429357
[2951],0.010343620986620585
[2954],0.015365586395867615
[2958],0.01737751242132281
[2960],0.012127613656283141
[2968],0.010824095574172974
[40, 2968],0.010824095574172974
[49, 2968],0.010824095574172974
[40, 49, 2968],0.014882741559809677
[2966],0.023248698833459255
[40, 2966],0.023248698833459255
[49, 2966],0.023248698833459255
[40, 49, 2966],0.021760846087551876
[2973],0.017174601614878625
[2983],0.01008575308510775
[40, 2983],0.01008575308510775
[49, 2983],0.01008575308510775
[2988],0.022953111308514226
[49, 2988],0.022953111308514226
[40, 49, 2988],0.021581309674629314
[42, 2988],0.011932428803449847
[40, 2988],0.022953111308514226
[39, 2988],0.010364818708656522
[33, 2988],0.010372428125315193
[66, 2988],0.01012451972364614
[3005],0.04309885438202891
[3007],0.016198625135727607
[49, 3007],0.016198625135727607
[40, 49, 3007],0.018633637864764824
[40, 3007],0.016198625135727607
[3017],0.024152690225929602
[3022],0.011851278292405142
[49, 3022],0.011851278292405142
[40, 49, 3022],0.01196238416353428
[40, 3022],0.011851278292405142
[3022, 3056],0.010402392761379782
[3024],0.010600798945044223
[3035],0.01858016060102045
[40, 3035],0.01415690363102734
[49, 3035],0.01561582502249975
[40, 49, 3035],0.011517427620651674
[3042],0.015980139031145237
[3044],0.010272267905230139
[3043],0.014138431646795119
[3046],0.021539687678752854
[3051],0.012682793663449118
[3049],0.022977950246608016
[40, 3049],0.013505310315639488
[49, 3049],0.01353577645911888
[3050],0.018810222066372954
[3056],0.023718261508061052
[40, 3056],0.020961356060138735
[49, 3056],0.023718261508061052
[40, 49, 3056],0.01511387437756046
[3055],0.011353805714919162
[3064],0.010142081500136778
[3068],0.012368946083782712
[40, 3068],0.012368946083782712
[49, 3068],0.012368946083782712
[3066],0.014176613368647449
[3075],0.0157628333648136
[40, 3075],0.015507586241973605
[49, 3075],0.01478826630052372
[40, 49, 3075],0.01203190745094692
[3077],0.015822457146922073
[40, 3077],0.011740018592206183
[49, 3077],0.014860253509059812
[40, 49, 3077],0.01128265416286313
[3091],0.03028503269919903
[3089],0.02176642115114939
[3088],0.01074295422023453
[3098],0.01732737272315023
[3122],0.022879589797732653
[40, 3122],0.010044365295018223
[49, 3122],0.011376163736754236
[3123],0.010415334125083732
[3115],0.01333731701406194
[3132],0.010334639474784272
[3135],0.028278064487495737
[3136],0.010976959746294526
[3141],0.021247184056308665
[3143],0.010002005433597385
[3149],0.011218193710631034
[3155],0.028429040351802944
[3160],0.011568166791017104
[40, 3160],0.01125549509504327
[3173],0.01669970742573058
[40, 3173],0.011648624460142566
[3183],0.01938344665139368
[3193],0.014503860908822537
[3186],0.03677901904561727
[40, 3186],0.01241162259536436
[49, 3186],0.016683648147729557
[3200],0.04198077098149816
[3205],0.010423414924230595
[3206],0.01850201414891372
[3221],0.010479967533402988
[3223],0.010710590584855382
[3229],0.013096041228010814
[49, 3229],0.01479657302834865
[3228],0.023241423909735576
[3244],0.011809703741239484
[3252],0.016728628762412222
[3263],0.012510697427487146
[3269],0.014465699564039645
[3271],0.0341555652967253
[40, 3271],0.0341555652967253
[49, 3271],0.0341555652967253
[40, 49, 3271],0.06327089913186339
[33, 3271],0.027725622161466405
[33, 40, 3271],0.017195339347135498
[33, 49, 3271],0.019000024802666014
[33, 40, 49, 3271],0.01394606081411717
[42, 3271],0.025550869702863133
[40, 42, 3271],0.019646233458140764
[42, 49, 3271],0.020492628383270664
[40, 42, 49, 3271],0.016206468782130546
[39, 42, 3271],0.010464227602359055
[66, 3271],0.013902690454200346
[39, 3271],0.029082610419135988
[39, 40, 3271],0.022947680677556738
[39, 49, 3271],0.02296672350859898
[39, 40, 49, 3271],0.019229561402956407
[3273],0.014562273990375617
[40, 3273],0.01342585331288934
[49, 3273],0.011588452351557114
[3279],0.015284232326017387
[49, 3279],0.010509639530897749
[40, 3279],0.010056594532787604
[3277],0.010855647348461325
[49, 3277],0.010855647348461325
[40, 49, 3277],0.017221289325416268
[40, 3277],0.010855647348461325
[42, 3277],0.010697311219342805
[3284],0.012564920547587913
[3297],0.01026831059151513
[3288],0.01087290250315857
[3290],0.021363374226087434
[3295],0.01617245767106235
[40, 3295],0.01617245767106235
[49, 3295],0.01617245767106235
[40, 49, 3295],0.020598691262505405
[33, 3295],0.010370441907842816
[39, 3295],0.011301573695048342
[3301],0.015637278271091376
[3329],0.010556642954661242
[3337],0.011779124298016816
[40, 3337],0.011779124298016816
[49, 3337],0.011779124298016816
[3352],0.02521735009455501
[3367],0.011864224402878957
[3372],0.013897328663102927
[40, 3372],0.010632892761939147
[3375],0.020012688665144274
[3377],0.013337724324520924
[3382],0.010879294381991568
[3389],0.013880354909591821
[3395],0.045538873747429987
[3401],0.03140273230990576
[3403],0.012719213745853712
[40, 3403],0.012719213745853712
[49, 3403],0.012719213745853712
[40, 49, 3403],0.012209313150990754
[3419],0.019502551590417954
[3421],0.0317984374607661
[40, 3421],0.019095939603076442
[49, 3421],0.017231089147910182
[40, 49, 3421],0.014959995155388804
[3433],0.026421634232861275
[3446],0.04576817412239943
[3448],0.014370893619134581
[40, 3448],0.014370893619134581
[49, 3448],0.014370893619134581
[3451],0.028261825503009336
[3459],0.020587704534196515
[40, 3459],0.014134888906043145
[49, 3459],0.014276448912740975
[3469],0.021579310251541996
[3476],0.011708489697636824
[3484],0.013694116266491302
[40, 3484],0.010064814546959677
[49, 3484],0.012228648379574016
[3485],0.016800016585592912
[3489],0.038885836854940306
[3494],0.015376766730768963
[3498],0.028396323861567676
[3502],0.012505809228515106
[3508],0.0140552120886952
[3513],0.021056547023066828
[3518],0.016626704578002083
[3521],0.025576792539544164
[40, 3521],0.01026692658497921
[49, 3521],0.010497481558786792
[3524],0.033912607067786406
[3543],0.020610522102441745
[3560],0.012600667443788295
[3563],0.018488199930552434
[3567],0.012009430059980484
[3571],0.0139710427707605
[3590],0.013116545625465305
[3596],0.021467704051920916
[3609],0.012744080444310897
[3610],0.011394568547566663
[49, 3610],0.011579643837371029
[3615],0.012369767229133329
[3620],0.01787211775842675
[3622],0.0131420271455403
[3627],0.019199248735529473
[3631],0.015737385603111543
[3638],0.012692531706528011
[3642],0.023220080642608124
[3656],0.029362955198190932
[3665],0.013302687041847243
[49, 3665],0.011639300657758476
[3682],0.03740601805651899
[3699],0.01232592505452638
[3698],0.018511734268001075
[3696],0.01105217773721126
[3703],0.022571868679123905
[3705],0.041067333486386026
[3710],0.010317574837651576
[3713],0.011356510498947767
[3723],0.030874619559512508
[49, 3723],0.0139254072331043
[40, 49, 3723],0.01076769086081603
[40, 3723],0.013809302591884929
[3725],0.01046175673547683
[49, 3725],0.01046175673547683
[40, 3725],0.01046175673547683
[3718],0.016636655771344887
[3727],0.051306033403246076
[3730],0.010649664679287112
[3756],0.01380823622531027
[3762],0.02691992752915355
[40, 3762],0.019851992934802425
[49, 3762],0.017667842197156
[40, 49, 3762],0.01378433986025968
[33, 3762],0.010309597885290142
[3780],0.022012874446331227
[3776],0.016489526309685098
[3778],0.017132916197264016
[3787],0.02451091600717972
[3784],0.016954771274295285
[3790],0.0119846741594861
[3791],0.011869062352700556
[3793],0.024033259739850887
[3797],0.02316324205479096
[3802],0.011316818952662592
[3805],0.011802452254241091
[3804],0.032316959420757484
[3808],0.015776022527801827
[3809],0.03414205756692735
[40, 3809],0.025474905089553114
[49, 3809],0.026566510510449354
[40, 49, 3809],0.02052297061838971
[42, 3809],0.014526965540943423
[40, 42, 3809],0.011317973483770774
[42, 49, 3809],0.011561089942075475
[3822],0.018503409442167006
[3828],0.02935484895941284
[40, 3828],0.02935484895941284
[49, 3828],0.02935484895941284
[40, 49, 3828],0.02681837042469852
[3831],0.01093872618484219
[3841],0.016541772522515638
[40, 3841],0.01580263891452966
[49, 3841],0.014076962240040541
[40, 49, 3841],0.010976509075240358
[3847],0.016784946363776188
[3851],0.011039938695191369
[3855],0.014335431828570508
[39, 3855],0.011316111098373084
[3853],0.027577730979858283
[3856],0.014920387397256471
[40, 3856],0.013343557116041646
[49, 3856],0.01458523272056228
[40, 49, 3856],0.010023761839310016
[3866],0.014225647142138781
[3870],0.01650924562618408
[3877],0.02005467559319432
[3882],0.012156243240762782
[3885],0.030661558788907643
[40, 3885],0.018856716092216824
[49, 3885],0.017242184246515697
[40, 49, 3885],0.012425536183754974
[3887],0.022820876537076186
[3886],0.013095771207626197
[3894],0.02600408765899954
[3909],0.016115116862925362
[3915],0.01165612623757587
[3924],0.012856167451629425
[49, 3924],0.01000781356824125
[3922],0.013738726190926928
[3926],0.017651082043378778
[40, 3926],0.01024527363979696
[3935],0.05008020730272833
[3943],0.012191995237029568
[3947],0.012830711712150871
[40, 3947],0.010298906919181974
[3952],0.02189334058921956
[3951],0.02610086447636748
[3955],0.012217524080966411
[3975],0.010689749181234108
[3981],0.019024219059537044
[3984],0.02920554675903125
[3993],0.015041593417068113
[3995],0.020339301294794793
[4009],0.018786690251171065
[4006],0.01529168284199385
[4012],0.011567456479704794
[4020],0.01383358502187438
[4019],0.012527745387583184
[4021],0.013510005529319835
[4025],0.015529946260524268
[4028],0.0226525825292976
[4029],0.011451461167336023
[4034],0.010576776070788345
[4036],0.013187656885100962
[4045],0.010842763060810823
[4046],0.0164451131807202
[4052],0.0175458411399834
[4054],0.013947134744654453
[4057],0.01937384620475819
[4073],0.01612249924166205
[4069],0.03267665326856311
[4070],0.025489454357931058
[4088],0.010481021992228117
[4095],0.02196000211543974
[4110],0.024641603188461765
[4130],0.015536972477180272
[4143],0.019537000192484378
[4145],0.012018133855076484
[49, 4145],0.012018133855076484
[40, 4145],0.012018133855076484
[4150],0.012066835239650717
[4148],0.014118416478173386
[4153],0.014477962607921219
[4156],0.01347706015855393
[4167],0.010999985133605164
[49, 4167],0.0111546544091531
[4173],0.020120030578937007
[4189],0.018808592804123517
[4193],0.028867910334256217
[4199],0.011160507066289118
[4210],0.013988163677761492
[40, 4210],0.013988163677761492
[49, 4210],0.013988163677761492
[40, 49, 4210],0.014171490718708699
[42, 4210],0.013988163677761492
[42, 49, 4210],0.010083890421826015
[40, 42, 4210],0.012468379766266373
[4216],0.025127661808077923
[4223],0.03897897793801655
[4221],0.016364137010355138
[40, 4221],0.013484966434113767
[49, 4221],0.016364137010355138
[40, 49, 4221],0.01110407888006896
[4231],0.02376815776837378
[4234],0.013701747428925328
[4246],0.014284427164997412
[40, 4246],0.014284427164997412
[49, 4246],0.012400508762829736
[4259],0.018418077945964135
[40, 4259],0.013268933262609672
[49, 4259],0.01250254823224011
[4262],0.011089875415742108
[4265],0.02081200192613663
[4279],0.01940410427588275
[40, 4279],0.011262499846272601
[4284],0.021448889642054172
[4298],0.015571042511958027
[49, 4298],0.015571042511958027
[40, 49, 4298],0.01260721156877043
[40, 4298],0.015461532173015541
[4301],0.015282969362959163
[4302],0.012067126582518165
[4306],0.012839264942745544
[40, 4306],0.012839264942745544
[49, 4306],0.01219525829825669
[4313],0.02048559364756292
[4318],0.015580535410594412
[49, 4318],0.013871733029589788
[4328],0.03230123217176062
[4333],0.01281899713106557
[4337],0.014807414927547098
[40, 4337],0.014807414927547098
[49, 4337],0.014807414927547098
[40, 49, 4337],0.04994148710016606
[33, 4337],0.014807414927547098
[33, 40, 4337],0.013779781387586332
[33, 49, 4337],0.014807414927547098
[33, 40, 49, 4337],0.011139584206490753
[42, 4337],0.014807414927547098
[40, 42, 4337],0.014807414927547098
[42, 49, 4337],0.014807414927547098
[40, 42, 49, 4337],0.016764174760000063
[39, 4337],0.011877301137216776
[66, 4337],0.014807414927547098
[49, 66, 4337],0.010815356844346619
[40, 66, 4337],0.01071103275420971
[4339],0.01004884171147322
[4346],0.02186527138325339
[4354],0.01049793534169334
[4364],0.014466549144743797
[49, 4364],0.014466549144743797
[40, 49, 4364],0.014550518831371555
[40, 4364],0.014466549144743797
[42, 4364],0.01031346348794335
[4366],0.02027929885325904
[4375],0.010737814365717649
[40, 4375],0.010737814365717649
[49, 4375],0.010737814365717649
[40, 49, 4375],0.010717826675936314
[4373],0.015477374282878332
[4395],0.010711459336646502
[4397],0.012089343917442819
[4396],0.018092876155468174
[4411],0.0115278478273782
[4415],0.031030988455794575
[4416],0.013087600767913174
[4414],0.020819614828839438
[4417],0.042617313862844924
[4423],0.01778842097569246
[4428],0.022876048683867306
[4434],0.010907581020114233
[40, 4434],0.010907581020114233
[49, 4434],0.010907581020114233
[4437],0.02576110681673246
[4459],0.04105724822293085
[4466],0.026839272037227562
[4468],0.011991677935974344
[4481],0.01741348611342685
[4488],0.012554331403811835
[4506],0.014487870637498722
[4511],0.021310418260387078
[4516],0.011505281928696756
[4532],0.018421440578609696
[4531],0.013643132700302363
[4538],0.03165563865764646
[4544],0.012856090867083853
[4559],0.03178671599963905
[4563],0.015283110655614324
[4564],0.014943550215559837
[49, 4564],0.012013410338773517
[40, 4564],0.014943550215559837
[4568],0.010985936129985564
[4572],0.01974391801445398
[4580],0.011117290212032588
[4583],0.03032709533757537
[40, 4583],0.013960816672182555
[4602],0.03447564009305507
[4615],0.014312668431769548
[4640],0.012279829249740408
[4644],0.011566187435902233
[49, 4644],0.011566187435902233
[40, 49, 4644],0.011800345469668556
[40, 4644],0.011566187435902233
[4643],0.012571342315153826
[40, 4643],0.012571342315153826
[49, 4643],0.012571342315153826
[40, 49, 4643],0.016360858306408294
[42, 4643],0.012160404310841031
[4661],0.03062486287616422
[40, 4661],0.013337592657116273
[49, 4661],0.014371655625024392
[4665],0.020605660234676405
[4662],0.015869248218223456
[4679],0.014118514222281742
[4672],0.024249724326503557
[4676],0.016832370789979324
[4680],0.010300362439168965
[4685],0.014985372971150806
[4683],0.01085952726577193
[4686],0.016174701846206313
[49, 4686],0.016174701846206313
[40, 49, 4686],0.012724189294106932
[40, 4686],0.016174701846206313
[4696],0.011381339234804767
[4697],0.015028180893706285
[4698],0.018486530445683914
[4706],0.03036217454636523
[4721],0.045621500513112645
[40, 4721],0.013108581790933674
[4728],0.02023402463991171
[4744],0.04121882061394511
[4743],0.01991122842671536
[4754],0.01312128779669181
[40, 4754],0.01312128779669181
[49, 4754],0.01312128779669181
[4761],0.02115661377934591
[4756],0.01013186432185844
[4769],0.01320912177878677
[4781],0.04425155263328584
[4780],0.015200475676216215
[49, 4780],0.015200475676216215
[40, 49, 4780],0.011341923343133404
[40, 4780],0.015200475676216215
[4788],0.012930071221808451
[4794],0.01376510012157858
[4800],0.02391584168479053
[4804],0.022887833179837117
[4813],0.054650232634895476
[4815],0.01073665994003679
[4816],0.01707370132743991
[4818],0.023752787432465408
[4827],0.011453056296589218
[4825],0.024922421796622216
[49, 4825],0.01017665694698327
[4829],0.022919350239185215
[4830],0.012489555486384312
[4846],0.015757398820460792
[4860],0.024687508461570636
[49, 4860],0.021394789705086868
[40, 49, 4860],0.016920442440989482
[42, 4860],0.014416199516293964
[40, 42, 4860],0.010553728705960682
[40, 4860],0.022549485655867462
[4866],0.02112765963248854
[4874],0.010103074569061551
[4876],0.01296483592485085
[4884],0.016371997663407592
[40, 4884],0.016371997663407592
[49, 4884],0.016371997663407592
[40, 49, 4884],0.02563209338604048
[33, 4884],0.01418678437819144
[33, 49, 4884],0.01099684947973966
[42, 4884],0.01596345048474467
[40, 42, 4884],0.011085363394299897
[39, 4884],0.012108816785126037
[4891],0.021596936802765147
[4904],0.023916311704588734
[4919],0.010779682215050452
[4920],0.01804272549625606
[4944],0.014098835354529462
[4946],0.023326465639298046
[40, 4946],0.022457969494716915
[49, 4946],0.023326465639298046
[40, 49, 4946],0.017918125661983975
[33, 4946],0.010175356514703459
[42, 4946],0.010748959424258821
[4952],0.014369522277774379
[4967],0.01377686912123665
[4976],0.019481297357486695
[40, 4976],0.019481297357486695
[49, 4976],0.019481297357486695
[40, 49, 4976],0.018058683733214027
[4975],0.015335617045381708
[40, 4975],0.010376430413839854
[4977],0.011862987655137405
[4989],0.010132088092915088
[4988],0.026172562007311516
[4991],0.013846781818845612
[40, 4991],0.012006953011584536
[49, 4991],0.010360845259066498
[5007],0.0188250001456688
[5030],0.015187210851181382
[5063],0.040517941041330205
[49, 5063],0.014362887551462023
[5060],0.01206785020153519
[5066],0.0179516733851986
[5067],0.01157159937303897
[5070],0.01468806748583454
[5073],0.022917760969152757
[5087],0.010554145200737115
[49, 5087],0.011358723000055164
[5089],0.01680440799996897
[5095],0.027006847660911524
[5094],0.011529469789871695
[5106],0.015827277671695845
[5114],0.02255077557643235
[5119],0.020720510073532473
[5121],0.010547081920546545
[5123],0.013223029749886926
[5125],0.02777904498937177
[40, 5125],0.020799689783200327
[49, 5125],0.024442197226477332
[40, 49, 5125],0.01585922918815621
[42, 5125],0.011924996225368408
[5128],0.011245717945671084
[40, 5128],0.011245717945671084
[49, 5128],0.011245717945671084
[40, 49, 5128],0.014175641632667713
[5137],0.01615689921242546
[5139],0.011819792960805488
[5143],0.012775063358337646
[5147],0.011464885436812207
[5152],0.011348375734937074
[40, 5152],0.010547734566444925
[5153],0.012497511294278169
[40, 5153],0.012497511294278169
[42, 5153],0.012497511294278169
[40, 42, 5153],0.012163041319468035
[42, 49, 5153],0.012265650531120087
[40, 42, 49, 5153],0.01156842498588568
[49, 5153],0.012497511294278169
[40, 49, 5153],0.023210593140522495
[39, 5153],0.012497511294278169
[39, 40, 5153],0.012497511294278169
[39, 49, 5153],0.01075106908238493
[33, 5153],0.012497511294278169
[33, 40, 5153],0.011572757462638111
[5154],0.010096798457193428
[5156],0.01432833351335441
[5163],0.015793787484478756
[5168],0.010813930657383824
[5174],0.012847068096841966
[5171],0.010630184434594982
[5179],0.015086156423871346
[49, 5179],0.011683393696338064
[40, 5179],0.012446851707906749
[5197],0.0343981372339949
[40, 5197],0.011899204046131836
[5207],0.013485462004973801
[5213],0.030687889242201328
[5216],0.015523676603697738
[5224],0.019955996409988647
[5228],0.012556996163768187
[5235],0.01553940784481035
[5236],0.02200466544600604
[5247],0.013198503842699685
[5252],0.012632098875894827
[5258],0.01404069102514491
[5266],0.021723951585500622
[5268],0.012577530817575754
[5289],0.011080113113778984
[5298],0.0270873875039573
[5296],0.014460342213602814
[5310],0.016526537913979455
[5309],0.030493805353950076
[5323],0.020314622161287973
[40, 5323],0.010358004150116123
[5326],0.010438627652962959
[5335],0.0642989600214727
[5348],0.017134719294393894
[5353],0.010473481666470847
[5358],0.03241939843903778
[5361],0.02227645209738135
[5360],0.010116477506219707
[5383],0.010985329471005369
[5378],0.018130117909191095
[5390],0.023432055030148793
[5401],0.01161047999565019
[5418],0.012572814848945667
[5429],0.027605890987783627
[5431],0.017885795863044174
[5432],0.030156304033363453
[5440],0.020229300021237077
[40, 5440],0.013092750208896154
[49, 5440],0.011593375646236404
[5435],0.012340824360127137
[5448],0.012881487893927356
[5453],0.018381532803500293
[5458],0.021759349628118194
[5463],0.020636328246892224
[5470],0.01580488036542306
[5473],0.03552239175707037
[40, 5473],0.013336957449537855
[5482],0.01462015112225961
[5493],0.01790741437720876
[5496],0.01599786673941783
[5505],0.013163055812309515
[5517],0.034419250825308736
[5524],0.015709046837496188
[5538],0.018015531088041926
[5546],0.013704075305096076
[5557],0.014716441676150875
[5569],0.026135308211586415
[5571],0.010995849210983387
[5581],0.011770062240186428
[5591],0.021447118574421307
[5602],0.01280084953780957
[5603],0.012183619491534401
[5604],0.02835729082714268
[40, 5604],0.012499818496988115
[5606],0.01709689251637524
[5607],0.013277286846058192
[5608],0.013863576676913791
[5610],0.01034604024650273
[5613],0.011337913502430769
[5623],0.028948779799748435
[5624],0.011361519249741372
[5626],0.015291143457930693
[5632],0.013021950603746859
[5633],0.021655468887781863
[5650],0.011419506773136606
[5655],0.01713106216625791
[5669],0.015904622570539886
[5684],0.012185397336676639
[5687],0.02575063561201115
[40, 5687],0.011312726548924418
[5695],0.022508362878428268
[5696],0.0139694654377989
[5699],0.012405782143583642
[5711],0.023275471064604376
[5721],0.013609156516685312
[49, 5721],0.01116387243060557
[5726],0.023249277933957986
[5730],0.011179238001421104
[40, 5730],0.011179238001421104
[49, 5730],0.011179238001421104
[40, 49, 5730],0.028072173346250437
[42, 5730],0.011179238001421104
[40, 42, 5730],0.011179238001421104
[42, 49, 5730],0.011179238001421104
[40, 42, 49, 5730],0.015170875606682004
[2239, 5730],0.011179238001421104
[40, 2239, 5730],0.011179238001421104
[49, 2239, 5730],0.011179238001421104
[40, 49, 2239, 5730],0.010571118898879116
[33, 5730],0.011179238001421104
[39, 5730],0.011179238001421104
[39, 40, 5730],0.011179238001421104
[39, 49, 5730],0.011179238001421104
[5732],0.012024124915558551
[5735],0.012933984446957722
[5743],0.01882620919986495
[40, 5743],0.011213798513013228
[5751],0.011792223776921915
[5753],0.013110072100337542
[5768],0.02357784056280235
[40, 5768],0.02357784056280235
[49, 5768],0.02011230199776358
[40, 49, 5768],0.017295156025749932
[5769],0.020434913951149238
[5773],0.01762686251165585
[5775],0.018394257531932776
[5778],0.039257691089702916
[5791],0.02577927570463906
[5798],0.013960954145582979
[5802],0.011106614963012573
[5819],0.02498797876381558
[5824],0.02074164980506582
[5825],0.010970927522385272
[5827],0.018578682515826016
[5832],0.015552941220668737
[5843],0.010255337271181279
[5845],0.010806695562129164
[5849],0.010285644006983004
[5874],0.011481649574642656
[5722],0.011743099312448118
[49, 5722],0.011743099312448118
[40, 5722],0.010528994713232475
[5887],0.022042674334474766
[5891],0.018077354989259418
[5897],0.013253656348031578
[5912],0.018315247785103732
[5914],0.02047168937706018
[5918],0.013476041462844965
[5923],0.013286748499634274
[5932],0.03379468669103293
[40, 5932],0.014875242346666885
[49, 5932],0.012702096350363241
[40, 49, 5932],0.011835117942936456
[5934],0.011620689118378156
[5943],0.014042453021257133
[5948],0.0112569409156848
[5952],0.011123204012652972
[5954],0.018280471812024864
[5968],0.013062001387126194
[5967],0.016659594517343116
[5974],0.023848331157695853
[5980],0.015574035064397198
[5989],0.02473868047545256
[5986],0.028799037142118185
[5995],0.014847528320712513
[6005],0.03210382617365062
[6011],0.03456909822555343
[6019],0.018270915097511196
[6025],0.017356143644620514
[49, 6025],0.010019291921905605
[6028],0.01101555529137512
[6037],0.025277079862712066
[6041],0.023970671052126812
[6050],0.010555866320607593
[6061],0.010831781030852014
[6079],0.0303017009056486
[6092],0.012258452726075895
[6104],0.01658648258109347
[6122],0.013892947131020785
[6124],0.019001078796403538
[6129],0.01259437384428643
[49, 6129],0.01259437384428643
[40, 49, 6129],0.014287940405236963
[33, 6129],0.011484767771559318
[40, 6129],0.01259437384428643
[6130],0.013775989525443028
[6131],0.03798656125341367
[6142],0.01073293026715144
[6138],0.012408705032207309
[6159],0.010446124823540447
[6157],0.027548902379274695
[6164],0.017442319030481823
[6166],0.01627969561758584
[6185],0.010713605228231227
[6191],0.011051000710332153
[49, 6191],0.011051000710332153
[40, 49, 6191],0.01702800033472367
[33, 6191],0.010368694462186806
[40, 6191],0.011051000710332153
[6194],0.0252450719176153
[6203],0.015345504539522943
[6206],0.03099428290510356
[6213],0.010687729447078291
[6228],0.025180020442327863
[6237],0.030666361075418366
[6238],0.017712910576036953
[6241],0.022378421712775504
[6245],0.01643102020052326
[6261],0.020622309810336272
[6263],0.024228144264620766
[6265],0.015564480784920785
[6276],0.01127881858793167
[6286],0.021567077527717242
[6287],0.01805249530940448
[6295],0.019226004263248896
[6317],0.01816722244654918
[6322],0.020742706074778614
[6332],0.03812434277871125
[6346],0.027590373012575973
[6353],0.021490221741276037
[6355],0.010414912405940351
[6360],0.014126493551277977
[6361],0.029483961853365572
[6367],0.0167725436181094
[6368],0.014395347163116766
[6369],0.017686111303746657
[6373],0.030170588929437123
[6374],0.010041156143318186
[6378],0.01564927173175128
[6396],0.011018847449102809
[6395],0.03151514796068434
[6390],0.02424078497722072
[6402],0.020449592090268774
[6404],0.01925691739921545
[40, 6404],0.01568816078405259
[49, 6404],0.012691654535332223
[6405],0.010697485302113018
[40, 6405],0.010697485302113018
[49, 6405],0.010697485302113018
[40, 49, 6405],0.013494755690757136
[6416],0.013311080173157571
[6419],0.010292230510562451
[6427],0.011026692514391964
[6434],0.011704038706280293
[6451],0.011481163474468042
[6447],0.016728193013085885
[6457],0.021824497370957523
[6459],0.015494541897027796
[6466],0.017528101791850624
[6469],0.014267357302351878
[6468],0.019296219801444435
[6479],0.01717132846317627
[6482],0.013088875596706493
[6494],0.032338585692744386
[6500],0.01403629937045389
[6512],0.0165164178808292
[6513],0.026318116243816535
[6516],0.01700572648821466
[6528],0.010592218988628449
[6531],0.02034064058172584
[6533],0.026888964242867363
[6545],0.031041965069894702
[6554],0.016963286050262188
[6578],0.010506988262302385
[6579],0.030020262955511603
[6585],0.01597262831887926
[6586],0.020509390332227945
[6600],0.012232274009393718
[6606],0.03073872459706875
[6613],0.016756355615793382
[6615],0.011027800686930852
[6624],0.012518007022082332
[6629],0.01145247758157347
[6631],0.024561189861204792
[40, 6631],0.018881650907110054
[49, 6631],0.018672282523864027
[40, 49, 6631],0.01431390734063996
[6632],0.01737289234799796
[6638],0.03719776460845186
[6644],0.016555660416521973
[6651],0.010897544217219217
[6658],0.010172001292335253
[6660],0.01524022577692688
[6672],0.015465741563026408
[6674],0.011375128166354541
[6685],0.025603074893699326
[6699],0.011978194656214336
[6706],0.016168873354668694
[6724],0.017184011036668
[6748],0.018126875296902212
[6773],0.012773345283944778
[6777],0.04637700375336244
[6786],0.010092668152595356
[6794],0.014366569315961189
[6797],0.017143788794534754
[6801],0.011734665775997721
[6807],0.013064119906947674
[6813],0.06962642014136412
[6816],0.021770407705524752
[6826],0.01607530364954247
[6828],0.011686888978652958
[6833],0.024444749657716727
[6838],0.0158316827708417
[6847],0.03776953149550914
[6859],0.010917156315336423
[6867],0.022256852433354415
[6876],0.015528421730721477
[6877],0.01400582305500217
[6881],0.010146207403131678
[6915],0.012767005289405072
[6914],0.014217488232762757
[6924],0.02778758980824624
[6925],0.03227614429804915
[6930],0.018993327740366137
[6934],0.017654716949995947
[6942],0.016192995660074726
[6944],0.011440115986564163
[6958],0.011233489302305139
[6964],0.014799740623144887
[6963],0.01005090464907507
[6972],0.01194109575580424
[6980],0.01323696746712012
[6995],0.010441850396653539
[7001],0.01422269069777273
[7010],0.027060526037800844
[7015],0.011048190822396678
[7018],0.014268126846725338
[7038],0.013844646390034307
[7041],0.012576282041517239
[7048],0.010540895440450103
[7047],0.01280168382945866
[7052],0.01756304726799677
[7060],0.011077387708896266
[7061],0.019326901824764226
[7065],0.028878502474735373
[7069],0.016516101734069227
[40, 7069],0.013618708672807947
[49, 7069],0.012346948189493138
[7077],0.013731864275715303
[7085],0.03715399379854989
[7086],0.011072748734483774
[7109],0.011270572067187862
[7110],0.010179763645101026
[7137],0.013184113778765306
[7143],0.030274348012897724
[7144],0.011753045813252753
[7147],0.024304404532315558
[7149],0.011441022468278647
[7152],0.011277099720966617
[7151],0.011769497950249603
[7173],0.028765422234650395
[7174],0.022169158108745084
[7176],0.010779428571397145
[7177],0.039792747850428446
[40, 7177],0.01527461244945788
[49, 7177],0.01116065270006762
[7183],0.03162008604735232
[7187],0.020488586508483644
[7200],0.038039253268093536
[7199],0.011040708891099964
[7206],0.02018972929295311
[49, 7206],0.02018972929295311
[40, 49, 7206],0.016395618289137173
[33, 7206],0.01101859029634671
[40, 7206],0.02018972929295311
[39, 7206],0.011825435812908687
[7208],0.017900681398485243
[7211],0.01828823313726877
[7228],0.02098570436287048
[7240],0.018419188297947874
[7252],0.012127199619178025
[7259],0.010946984643901305
[7263],0.018442394288547135
[7265],0.013507717181935261
[7266],0.018626837007449715
[7278],0.014569372830876733
[7298],0.04147890695667354
[7297],0.011591261755399535
[7303],0.012752433676724894
[7306],0.020788729181245868
[7308],0.021872657455238843
[7309],0.017434373890181758
[6751],0.013563526211501505
[7327],0.02178655485490559
[7332],0.031116501272608246
[7338],0.018826000952608776
[7343],0.015398091972622787
[7352],0.016958011773678842
[7374],0.01422830328845604
[7377],0.02527821493772044
[7392],0.02021323333870141
[7394],0.024799941379563956
[7415],0.011437708654705413
[7423],0.035285854165049466
[7424],0.017883344862251255
[7425],0.018344044134543675
[7428],0.010982716125649926
[7430],0.03077812247861542
[7436],0.017575923817624975
[7438],0.01501956433083889
[7445],0.012025567313707554
[7454],0.013021326478067639
[7462],0.023073040552113327
[7466],0.010853356794173208
[7471],0.010353944357061115
[7475],0.013418767703944604
[7482],0.012247573871606684
[7490],0.022087097313658932
[4966],0.017372994887479776
[7514],0.024739487693663815
[7516],0.013249605548463172
[7523],0.012704175675220431
[7529],0.010954839426853802
[7535],0.010673034344676672
[7537],0.010747922853485354
[7546],0.01097968058712753
[7548],0.017435076911604137
[7553],0.02296554599622176
[7562],0.01825440611057096
[7578],0.02346292869853771
[7581],0.014702725267098093
[7582],0.014143730985711776
[7597],0.015236769079371501
[7598],0.021512691916213144
[7602],0.020793956728288824
[7614],0.011510348996791772
[7619],0.010213066655023324
[7621],0.018294970733729526
[7622],0.013327507824661545
[7626],0.015311420058212575
[7635],0.011745755601901636
[7643],0.010022586800887853
[7644],0.011556203722050943
[7656],0.02462135037521114
[7662],0.016711884446554626
[7677],0.014220256136148541
[7682],0.04145604582746426
[7686],0.014527672945390039
[7691],0.01680275496598531
[7695],0.01492002382825094
[7699],0.011165401384531249
[7710],0.013499139492445949
[7726],0.012801328544537595
[7743],0.029697425727369133
[7757],0.011900059085113948
[7767],0.021167348828020533
[7780],0.013810682593583923
[7784],0.021846147252052077
[7791],0.020892427842523167
[7792],0.014408171597694908
[7803],0.018826600290781988
[7806],0.016678030581419624
[7808],0.015973851737964423
[7810],0.014557645548542253
[7817],0.011763085388633852
[7818],0.02122994210756861
[7823],0.019478680616558244
[7832],0.02277395993185026
[7864],0.030006913839102856
[7874],0.010273333686545745
[7879],0.012221723163269044
[7886],0.04152763442472931
[7890],0.013998782202790468
[7911],0.011075443379953816
[7913],0.03225388447367399
[7916],0.01041098597383475
[7921],0.012906043057067457
[7926],0.01167939517931325
[7931],0.017354860193997745
[7933],0.027732035623796787
[7936],0.011299759932361889
[7956],0.0101593436712541
[7964],0.03739660674471103
[7972],0.027247343486198047
[7985],0.023959767261519858
[7989],0.03648276462735218
[33, 7989],0.010198555586387097
[7992],0.02254096120931548
[7991],0.016553816702973293
[7997],0.019784104678840706
[7999],0.023785047432552945
[8004],0.01480221063132308
[8012],0.010837452843679924
[8027],0.0209223755491203
[8040],0.017505759974579788
[8042],0.015331504718614872
[8054],0.013389667048133493
[8066],0.01122006528237784
[8069],0.01170646594141804
[40, 8069],0.01170646594141804
[49, 8069],0.01170646594141804
[40, 49, 8069],0.023505250586804114
[66, 8069],0.01120774999419881
[42, 8069],0.01170646594141804
[40, 42, 8069],0.01170646594141804
[42, 49, 8069],0.01170646594141804
[40, 42, 49, 8069],0.01429727565842432
[33, 8069],0.01170646594141804
[8082],0.014290378259640309
[8084],0.026705324132530267
[8087],0.017440762168015815
[8093],0.018223639720929673
[8115],0.011559079954992753
[8117],0.013062916725983958
[8118],0.01776051323330486
[8120],0.01512505621798584
[8126],0.018641863373933813
[7625],0.01091045132914215
[8128],0.014416589678237751
[8129],0.012100189851121346
[8130],0.010155267201789265
[8135],0.019717736951789553
[8151],0.011512901382702237
[8157],0.012716726429284455
[8169],0.015096913854082713
[8173],0.02690377443011997
[8190],0.012929179257039626
[8216],0.021750835482286096
[8218],0.01789033123539487
[8221],0.01150963504868443
[8225],0.01794896173467372
[8231],0.01644880087159808
[8239],0.017984562179165352
[8250],0.013039736066179244
[8252],0.011716347424458035
[8255],0.02401323089818221
[8258],0.014349009410397474
[8271],0.012425809916081216
[8278],0.011103089651503398
[40, 8278],0.011103089651503398
[49, 8278],0.011103089651503398
[40, 49, 8278],0.014389193993531757
[8281],0.02138341082693003
[8291],0.014512246240779982
[8292],0.021562145083644096
[8295],0.020037109059785077
[8300],0.014712874228365721
[8326],0.026774109191777105
[8329],0.010273158869971967
[8330],0.02461302285893072
[8332],0.011846954268826522
[8338],0.02926346793091893
[8359],0.015496124931673497
[8369],0.012203710544130377
[8370],0.031054352929867163
[8372],0.02395054922672869
[8374],0.024340658335510898
[8398],0.02259351647825669
[8400],0.02176684088136666
[7568],0.01026546392851484
[8418],0.014076283110202276
[8428],0.03678187454463657
[8429],0.013339572786244678
[8437],0.02159204412818563
[8443],0.01447013582492238
[8449],0.03488753086203273
[8454],0.010014057131491765
[8484],0.02195705234474316
[8494],0.012892978771387774
[8505],0.013689668063475973
[8509],0.016712860162182493
[8517],0.014969637533081554
[8527],0.020970952888566947
[8540],0.011880209039851812
[8543],0.010865135492978137
[8546],0.01622596940151689
[8548],0.011946136886231893
[8570],0.04526359685097605
[8576],0.044146368644050644
[8577],0.04785324437898778
[8580],0.0311104072157025
[8592],0.036555628127377615
[8598],0.02729858036087859
[8602],0.028915176951212224
[8609],0.048454874950726375
[8612],0.01223370824366239
[8616],0.013203218778383269
[8624],0.010767814427304213
[8625],0.02116004800270121
[8628],0.021538250015697515
[8630],0.012677247388829044
[8634],0.021019017121764082
[8638],0.029211784606252976
[8644],0.024067151004574548
[8652],0.013186021737414361
[8653],0.021638954282421123
[8656],0.01762738845915503
[8657],0.011090803704644969
[8658],0.011170500918142843
[8661],0.019208059352850616
[8662],0.02686300840696314
[8672],0.012868412930384954
[8687],0.014349703233437264
[8692],0.018753684417933725
[40, 8692],0.018753684417933725
[49, 8692],0.018753684417933725
[40, 49, 8692],0.03368020316921063
[42, 8692],0.018753684417933725
[40, 42, 8692],0.018263897001971043
[42, 49, 8692],0.017905577361588595
[40, 42, 49, 8692],0.016780592049599075
[33, 8692],0.012447119987225313
[39, 8692],0.015473395355163974
[39, 40, 8692],0.011574687537068733
[39, 49, 8692],0.013747371790208001
[39, 40, 49, 8692],0.011029760003213592
[8695],0.014447400190765161
[8697],0.010406410776824256
[8701],0.015933247088595583
[8706],0.011191398394428871
[8707],0.019173408360860237
[8711],0.010518343086754018
[8719],0.01075509765421718
[8724],0.01283511288085066
[8728],0.016467140863102907
[8748],0.013814701601762762
[8749],0.010850809957804452
[8767],0.01421391610070685
[8773],0.017121806983908017
[8780],0.013329276450142076
[8783],0.012798253010655744
[8790],0.011142784010882801
[8802],0.02665565272566702
[8805],0.016555531234930653
[8817],0.05055104623304419
[8821],0.010820075815721386
[8824],0.016362476433917358
[8833],0.023030492093011796
[8836],0.025413788632654883
[8838],0.011084266098849736
[40, 8838],0.010289505875552626
[8850],0.011682804775537358
[8857],0.012432206696658829
[8865],0.029344734415247726
[8872],0.011527183281703561
[8877],0.022889761449772537
[8878],0.017224261156733676
[8893],0.010650467532048243
[6975],0.021637826764801145
[8919],0.01206410748443233
[8925],0.011739964030405023
[8927],0.013474120254648456
[8928],0.010407771137308239
[8937],0.01679519742863656
[8946],0.015044030830878385
[8952],0.015707264585079105
[8955],0.013382167115893686
[8958],0.016152328567215223
[8963],0.010346321227116576
[8965],0.012436381947686738
[8974],0.015976494170682937
[8982],0.01177006963899791
[8986],0.024514452089607577
[49, 8986],0.024514452089607577
[40, 49, 8986],0.033354849057630066
[42, 8986],0.01357785060760831
[40, 42, 8986],0.011610732778037963
[42, 49, 8986],0.012005964390555096
[40, 42, 49, 8986],0.010524408455296829
[40, 8986],0.024514452089607577
[39, 8986],0.013929487092954322
[39, 40, 8986],0.011082858680986055
[39, 49, 8986],0.010424804987419316
[8990],0.02563968180800566
[8993],0.016763947011744815
[9001],0.021937573945514245
[9008],0.018300271383904932
[9042],0.053127591621440616
[9051],0.013194024102328403
[9062],0.014441356139095883
[9069],0.018646711393552447
[9086],0.02806276237036051
[9095],0.036321681527609735
[9113],0.011279941531828475
[9116],0.014279061100535206
[9123],0.012240327266013798
[9137],0.024360995926439127
[9146],0.011356189380327283
[9158],0.010017051428150455
[9170],0.011346143156503978
[9173],0.023447965730514792
[9175],0.01549372670072601
[9186],0.010535222895751865
[9187],0.01738787187799146
[9199],0.025544884582254464
[9200],0.010027224600372397
[9202],0.015330265434996323
[9220],0.014725613276803285
[9224],0.011630025622143908
[9229],0.025179290648201378
[9233],0.023334840134906127
[9241],0.01865109648944805
[9250],0.010895579069224287
[9251],0.019976339366591978
[9261],0.02010391028353524
[9262],0.015985287530629774
[9264],0.024350115215950797
[9267],0.022544493021746926
[9275],0.02753260049723073
[9280],0.010215798174173476
[9285],0.011568497460533391
[9289],0.012145647690152991
[9295],0.028790915867210394
[9296],0.014770970527822157
[1754],0.013943247897826264
[9305],0.01657277608528756
[49, 9305],0.01657277608528756
[40, 49, 9305],0.015357133732877616
[33, 9305],0.011739089923864153
[40, 9305],0.01657277608528756
[9318],0.010436287232794324
[9338],0.023994464338751225
[9360],0.01188556630557405
[9372],0.01667011862310256
[9377],0.012545062973947162
[9378],0.023788455929759818
[9398],0.03225001917649975
[9410],0.01994043059775307
[9421],0.02379499289526062
[9422],0.016848965788591852
[9423],0.016672584613196945
[9424],0.023291185981108544
[9429],0.01742961943369193
[9431],0.015208096420366652
[9440],0.01669115542549299
[9452],0.012749652639659248
[9454],0.019522928535401607
[9455],0.016907863916859705
[9471],0.010171296523867737
[9475],0.020323444644406656
[9477],0.01736803299087657
[9479],0.014585987599804793
[9501],0.012209322705126952
[9505],0.010527306346131186
[9508],0.021696160399944212
[9515],0.011857296951507142
[9519],0.03060969991717715
[9525],0.02944341105671075
[9532],0.01206735983096583
[9555],0.013093206764569636
[9557],0.0165851488071051
[9559],0.025361864164848206
[9563],0.013968043889653876
[9566],0.010101798010380195
[9573],0.022354957605092436
[9590],0.0130773390171313
[9623],0.0101197075944088
[9630],0.011008413176370462
[9636],0.015923108962937898
[9645],0.011639585197642981
[9661],0.012128819120836545
[9664],0.012333868561737012
[9668],0.010986873760198555
[9302],0.011481589945512535
[9673],0.01813794762925005
[9695],0.023188221460107458
[9702],0.010548321129501704
[9705],0.012946428193351204
[9706],0.01061520223068912
[9715],0.0347101074773407
[9721],0.010474569988323083
[9731],0.017184073647277958
[9737],0.013792768226162627
[9742],0.014957798364323944
[9762],0.012515693705509109
[9765],0.030308410007618507
[9766],0.010895617071224216
[9767],0.010772934019992611
[9777],0.015744400439237517
[9788],0.020459834611481393
[9792],0.013293238184177453
[9803],0.024841243829391173
[9808],0.015580559312899563
[9809],0.01512285107039104
[9817],0.020463076320087717
[9821],0.01321494278018848
[9825],0.010631848113669594
[9828],0.01103749216605472
[9832],0.015716718040350037
[9833],0.015899247613136703
[9843],0.02617565563449485
[9857],0.010991600537311835
[9861],0.013899113945042136
[9880],0.01251963736432839
[9881],0.035853317304550096
[9882],0.01098685563497427
[9886],0.019005106127672415
[9907],0.010751100036956491
[9911],0.013262688589500459
[9916],0.013772423404932458
[9945],0.046907670965703745
[9948],0.014083882948188818
[9958],0.011876664507641644
[9964],0.019490722603739935
[9971],0.019131941773077046
[9978],0.01566868596771575
[9990],0.010645303607057928
[9994],0.013927359388085885
[10009],0.01396323625471608
[10010],0.01977388574789334
[10011],0.010136598128042578
[10012],0.01577274374064792
[10014],0.021850758092594524
[10025],0.01250974982267315
[10050],0.01916522812556141
[10056],0.012810657689504854
[10058],0.016468872270630795
[10059],0.01771925648688248
[10072],0.021908973920144778
[10078],0.013287286777442826
[10081],0.010861563850739856
[10082],0.013410182877176404
[10087],0.0182742094892021
[10091],0.011736204085282148
[10093],0.010357432900309696
[10095],0.021799645314703492
[10106],0.011209129848172485
[10109],0.016695378543768482
[10110],0.0172122173228356
[10126],0.012394450883727414
[40, 10126],0.010194192493830401
[49, 10126],0.01043788093402728
[10142],0.024475765878584722
[10145],0.030306279088372624
[10152],0.013579659685932803
[10149],0.017797587644600536
[10159],0.01271440065411707
[10172],0.024076280655008022
[10179],0.010349983012705528
[10191],0.022196193736214336
[10193],0.010245927920886166
[10196],0.0107714325803148
[10209],0.023474557584862617
[10213],0.022079291211368934
[10215],0.022657139320583147
[10220],0.013387928583937406
[10229],0.013420042547325867
[10237],0.026576170771814456
[10242],0.03259443878465695
[10247],0.011912520963122885
[10246],0.015303079446603106
[10252],0.01674629373221429
[10256],0.01157370488548454
[10275],0.012985785662164835
[10292],0.024329906525037463
[10295],0.024970497718718558
[10302],0.017199511018205212
[10308],0.014772848485369148
[10325],0.012502946701994654
[10333],0.024235189564542136
[10353],0.01258545587421189
[10355],0.013678614348016684
[10364],0.0256996042927105
[10371],0.029750115221190015
[10372],0.01984330522983009
[10387],0.015643252473408704
[10390],0.015587493340139582
[10401],0.019836469539365978
[10414],0.016757266229150077
[10418],0.03429121365019419
[10420],0.021986200292415665
[40, 10420],0.019014123904268744
[49, 10420],0.020002741719018797
[40, 49, 10420],0.01579901497665811
[10425],0.030245109239712204
[10430],0.012885191695470385
[10431],0.022664907065879203
[10444],0.013558901895649586
[49, 10444],0.010298863944235532
[10449],0.016658924666599205
[40, 10449],0.016658924666599205
[49, 10449],0.016658924666599205
[40, 49, 10449],0.01243512193047658
[10453],0.015359772098265756
[10454],0.011365286567460029
[40, 10454],0.011365286567460029
[49, 10454],0.011365286567460029
[40, 49, 10454],0.014277136221060752
[10451],0.011501202896002892
[10455],0.030189923835236634
[10456],0.014608429137723684
[10460],0.015017072527533003
[10463],0.014472711982683184
[10471],0.03638028405263361
[40, 10471],0.017947932347889436
[49, 10471],0.019669560006834275
[40, 49, 10471],0.01600186433493193
[42, 10471],0.011533290070339684
[10475],0.01637354971723847
[40, 10475],0.01637354971723847
[49, 10475],0.01637354971723847
[40, 49, 10475],0.012807667185368105
[10476],0.012917526899865866
[10491],0.014868095873406803
[40, 10491],0.014868095873406803
[49, 10491],0.014868095873406803
[40, 49, 10491],0.025200926655673635
[39, 10491],0.01152832433088687
[39, 40, 10491],0.010408202126845463
[42, 10491],0.014868095873406803
[40, 42, 10491],0.011640276399532658
[33, 10491],0.011317039018355964
[10492],0.013171689001696416
[40, 10492],0.013171689001696416
[49, 10492],0.013171689001696416
[40, 49, 10492],0.026911856882905268
[66, 10492],0.013171689001696416
[33, 10492],0.013171689001696416
[39, 10492],0.011640152781445772
[39, 40, 10492],0.010501680428715916
[10503],0.01614671891224921
[10507],0.022244279655695497
[10506],0.01643374680319281
[10512],0.01375248084029902
[10513],0.029001289767994806
[10518],0.02077460770281425
[10519],0.0203447656940198
[10523],0.02885893962489709
[10548],0.015206780769201313
[10551],0.014233435907217595
[10550],0.026656648783163185
[10552],0.029743514523449054
[49, 10552],0.02762450259139028
[40, 49, 10552],0.020591921341524266
[40, 10552],0.029743514523449054
[10557],0.02622202942967762
[10558],0.024053779853619832
[10560],0.024844302466364376
[10564],0.01273084955835527
[10569],0.012872810292989947
[40, 10569],0.012872810292989947
[49, 10569],0.012872810292989947
[40, 49, 10569],0.02262624279993711
[39, 10569],0.011113185689399549
[39, 40, 10569],0.010234508846987426
[66, 10569],0.012278262048561871
[42, 10569],0.012872810292989947
[40, 42, 10569],0.010802321572121798
[10572],0.015189455952234263
[10590],0.015689186974899808
[10594],0.029540880735718793
[10605],0.011522025118870169
[10609],0.015250655602750584
[10612],0.01611673094937886
[40, 10612],0.01611673094937886
[49, 10612],0.012705645612978022
[40, 49, 10612],0.011965285207174466
[42, 10612],0.013047327431344968
[40, 42, 10612],0.010418156131363675
[10615],0.027871104841763316
[10620],0.012632197444443596
[10622],0.010531367478483862
[10619],0.014507506130774405
[10633],0.012399530402514658
[10639],0.011904461911477317
[10641],0.012054794278220052
[10643],0.013302893072060907
[10647],0.017009468495629922
[10652],0.020320899709099536
[40, 10652],0.017253079922695664
[49, 10652],0.013964753920174844
[40, 49, 10652],0.011214683193246923
[10657],0.015251516334814884
[49, 10657],0.015251516334814884
[40, 49, 10657],0.024467680594834233
[33, 10657],0.014048221931573006
[33, 40, 10657],0.010268674755119016
[42, 10657],0.013296809449878308
[40, 42, 10657],0.011272752164215223
[40, 10657],0.015251516334814884
[10673],0.0110317133285925
[10674],0.011183533342680742
[10675],0.013252084339666141
[10676],0.012975388078869027
[10681],0.020309354876147944
[10700],0.024352414963554173
[10701],0.01313313332527078
[10710],0.023850776791154455
[10713],0.013909101426773665
[10716],0.012570835690379348
[10718],0.01942004401825624
[10720],0.02336056467352201
[10728],0.0192558650569307
[10733],0.01678160574019364
[10755],0.016495122917742487
[10760],0.014868247785815579
[10774],0.01300497429158887
[10785],0.016155477917854256
[10813],0.010056937883595123
[10817],0.0460014264962527
[10822],0.013808138056394302
[10826],0.011519856572351894
[10831],0.023577964863374646
[10839],0.015423031036995619
[10855],0.01299689646991679
[10862],0.017707161920321037
[10869],0.012227863907367104
[10874],0.011665985818562052
[10878],0.015013130856277222
[10879],0.025168493005752867
[10881],0.0161383917127106
[10883],0.029332688618399386
[10892],0.014621453649630859
[10920],0.013442140017518022
[10925],0.010568603311865706
[10932],0.012719571347630696
[10933],0.010195721125466038
[10958],0.011724083494072382
[10974],0.01982736318360783
[10973],0.018187645845736566
[10993],0.012035882989703862
[10995],0.014522259404561373
[10997],0.014969222919160315
[10996],0.012011499466241925
[11003],0.014659089959293973
[11015],0.010949524283232493
[11018],0.011508670932755637
[11021],0.0194073517029982
[11029],0.05056793118594419
[11031],0.01181454183466991
[11040],0.011561059670289215
[40, 11040],0.011561059670289215
[49, 11040],0.011561059670289215
[40, 49, 11040],0.015274560217196233
[11049],0.012161856643178738
[11054],0.03481268646561861
[11064],0.022007798398026638
[11074],0.01963468025623463
[11077],0.01260869358792479
[11083],0.013307517971956957
[11086],0.03570462301915179
[11093],0.01624290095974738
[11095],0.020454528432587167
[11096],0.014985304019238904
[11098],0.010203094529388142
[11103],0.016577276851723662
[11127],0.023420724949526184
[11141],0.04264588253114511
[11144],0.01097753630419565
[11158],0.014506032900328187
[11171],0.01981202946821091
[11180],0.03336875982350485
[11197],0.011331773415876132
[11208],0.017742946073119256
[11223],0.01697241435328496
[11238],0.02028753477832734
[11239],0.012779334753509152
[11245],0.02833116088456582
[11249],0.01557651893548917
[11251],0.011728508614000299
[11256],0.018963462596035284
[11265],0.014055448198499416
[11267],0.032446067404004755
[11269],0.010494469331350866
[11276],0.025093834535834032
[11280],0.015606237949051688
[11285],0.05851498479607747
[11290],0.016867761822865486
[11299],0.015177150807966985
[11309],0.01629461955712105
[11335],0.011605603360419315
[11340],0.021691750918239112
[11356],0.012442505330004825
[11363],0.010810461577071618
[11365],0.010973964154023961
[11368],0.01351438157016217
[11371],0.02537202881280701
[11382],0.010332713397509435
[11386],0.021269284951114516
[11387],0.011088430896672502
[11398],0.018288229173935612
[40, 11398],0.013431212239209756
[11405],0.013499479871385068
[11421],0.023671237692173087
[11432],0.021012736383762554
[11444],0.010892467209597837
[11445],0.01725123257560974
[11449],0.022993065587003616
[11472],0.013867333846249212
[11471],0.03933194590429447
[11483],0.012146334740008589
[11496],0.034376180999715206
[11514],0.01019776432035985
[11515],0.02595079502004492
[11516],0.01410072767756718
[11520],0.016778715532007604
[11541],0.016877213108985406
[11544],0.010552039932610112
[11545],0.012585855189040604
[11550],0.012671401639738435
[11553],0.011658415495732493
[11559],0.0294374080696339
[11562],0.015070251037357275
[11572],0.010861544651748704
[11578],0.025811296087098746
[11581],0.03280995337280583
[11586],0.01861376749421196
[11591],0.014483275608738971
[11606],0.015074857316100422
[11617],0.01208510600496165
[11625],0.017542418143426834
[11634],0.01878421848133154
[11647],0.010198661515866849
[11657],0.0364626619711968
[11660],0.015285016267345295
[11661],0.016952831863918393
[11679],0.017501414631717446
[11693],0.016137388683573388
[49, 11693],0.010828292491038123
[11705],0.031024830878777828
[11713],0.015105890707910168
[11715],0.02070148047430001
[11731],0.02280463904466225
[11736],0.015220271062936325
[11743],0.022096637301836374
[11754],0.01688861949186593
[11762],0.010294670865175288
[11748],0.01824467640315906
[40, 11748],0.01824467640315906
[49, 11748],0.01755522587841967
[40, 49, 11748],0.012797913373745863
[11770],0.017962165547327966
[11779],0.011878059212299615
[11805],0.022203520292316457
[11809],0.017605261333425395
[11817],0.01908669746997857
[11825],0.013042448018203635
[11840],0.02320244302607727
[11841],0.010953189152555921
[49, 11841],0.010953189152555921
[40, 49, 11841],0.014456122168942837
[40, 11841],0.010953189152555921
[11853],0.012446268014470392
[11855],0.010930711603536251
[11856],0.01216882246829793
[11857],0.011145335349853628
[11873],0.021647828192679342
[11887],0.0285899540800019
[11903],0.012385951599848777
[11914],0.011281046935650203
[11930],0.027129315940280098
[11932],0.026097250122197407
[11934],0.02388106048281398
[11935],0.0137712490202498
[11940],0.011288070340716425
[11942],0.027962301615214787
[11947],0.028484614014150582
[11950],0.02595673436840706
[11966],0.01008871097944512
[11971],0.012027770670839015
[11983],0.028312935038073292
[11988],0.02465074791823541
[11995],0.018781003359767113
[12003],0.01501396547982036
[12012],0.023242951098850016
[12020],0.013969923681764904
[12027],0.0174357311911499
[12030],0.016154835408624623
[12035],0.019073709680618205
[11972],0.023373183888675025
[12054],0.016387321953224062
[12056],0.01240110934252536
[12060],0.016827798360610935
[12072],0.023439405471639467
[12078],0.04019254006827594
[12084],0.02309703135973293
[12085],0.029994450381931485
[12091],0.04891472809770793
[12092],0.011407335428057056
[12094],0.01412246764258884
[12095],0.018803823944338167
[12098],0.014594988117737783
[12110],0.016897472975074226
[12115],0.01807828088799376
[12117],0.012889601720438777
[12124],0.02131642748536363
[12128],0.021392276236710424
[12127],0.01919180136180535
[12152],0.015339679577924719
[12153],0.010816425813940435
[12163],0.01982281925175521
[12164],0.03680929723468111
[12167],0.018459949330406945
[12173],0.010770901011462294
[12177],0.010723803093348855
[12225],0.012737349767862496
[12226],0.02109818341777725
[12227],0.013275786101604329
[12229],0.021147608296016824
[12231],0.03630656116019104
[12233],0.015094188055818138
[12236],0.01926181694257342
[12247],0.013510114111556736
[12251],0.012824340774142212
[12253],0.022353331650565873
[12257],0.013777185858210158
[12279],0.020991097710257773
[12281],0.01353121143646385
[12283],0.016319035912386103
[12285],0.03400544917744783
[12286],0.02408459766188608
[12293],0.02129325982812716
[12295],0.014931104918426403
[12312],0.012024406043041565
[12313],0.01008669589537608
[12317],0.02447904448992873
[12319],0.01230550008362238
[12320],0.027263265670900545
[12328],0.02633555655580275
[12330],0.01693597678200768
[12332],0.018516784177435415
[12334],0.02487251943423587
[12337],0.020913435453005808
[12338],0.024429464609919
[12347],0.06998517781116821
[12352],0.01111695289777009
[12355],0.01414339021912258
[12364],0.011341440079266256
[12369],0.017401399807903083
[12379],0.02414611672991765
[12398],0.05367606657641215
[12409],0.018282784945410115
[12419],0.010410307746716833
[12428],0.016603182040020696
[12431],0.014746173877791889
[12438],0.012237871422816493
[12446],0.011836756268737527
[12461],0.012269433417754197
[12465],0.01727681095994955
[12471],0.01064382933067347
[12479],0.018329026671456847
[12481],0.01444278015254342
[12489],0.021644653325263698
[12507],0.011213897290236408
[12516],0.023265688207713884
[12520],0.01096351689708982
[12521],0.01403309091474748
[12530],0.03333681739093991
[12533],0.025378837158336904
[12543],0.025216425047831167
[12545],0.02353232837929802
[12546],0.020904144791083698
[12552],0.020033131918052467
[12567],0.010605844862946598
[12570],0.016679278784388223
[12571],0.0122365124956587
[12584],0.011306169941016367
[12588],0.02360662996601941
[12597],0.013005244260283043
[12600],0.010554321276193608
[12609],0.03574890991975334
[12623],0.02907874281266987
[12625],0.010663297843913419
[12635],0.017772766842189276
[12641],0.013799554606718707
[12643],0.017641092243388258
[12655],0.011567992020103621
[12657],0.022321159474417384
[12666],0.01762814372224145
[12669],0.033690774745610996
[12675],0.02190893264942379
[12678],0.02415714740361833
[49, 12678],0.02415714740361833
[40, 49, 12678],0.019347116814776022
[40, 12678],0.02415714740361833
[33, 12678],0.012632380738220551
[12684],0.012510378555867813
[12685],0.01589607519724633
[12689],0.018474216112376277
[12707],0.010675150084387384
[12708],0.014202094057254016
[12714],0.011088088244812961
[12722],0.03155342773507368
[12731],0.012288593881396583
[12739],0.011106839895828887
[12741],0.020591268678552946
[12742],0.018642642779317327
[12743],0.011803793048022647
[12744],0.021230682514480955
[12762],0.011922523545533307
[12761],0.03740057981557159
[12764],0.016268583827015903
[12769],0.012960450535656256
[12775],0.0130919811069255
[12777],0.023725930582667774
[12782],0.022831286554739677
[12793],0.01851890847880718
[12799],0.0100099057294411
[12812],0.028533681016764813
[12814],0.021993727914367545
[12816],0.011015009225844176
[12827],0.018132457216124085
[12832],0.013221823523468524
[12840],0.013285817387697517
[12842],0.020973328631540823
[12846],0.020270625087548344
[12857],0.015549226947640504
[12858],0.012474324716401104
[12865],0.01556217613087286
[12868],0.03282626337150682
[12871],0.010610652424424806
[12872],0.060492847998953374
[12878],0.028078982609252626
[9328],0.010322796094015714
[12882],0.01104539489360933
[12886],0.010207820289848277
[12892],0.01938527202631572
[12895],0.02462120390601998
[12896],0.016002871606482234
[12899],0.025988377780508224
[12901],0.018695564784712935
[12902],0.01603950909151682
[12913],0.010490245761364704
[12919],0.021427867534950823
[12924],0.026874281530102764
[12926],0.016508717862710017
[33, 12926],0.016508717862710017
[33, 40, 12926],0.01600300591935397
[33, 49, 12926],0.016508717862710017
[33, 40, 49, 12926],0.011094682820147233
[49, 12926],0.016508717862710017
[40, 49, 12926],0.06401450912114405
[40, 12926],0.016508717862710017
[39, 12926],0.016508717862710017
[39, 40, 12926],0.016508717862710017
[39, 49, 12926],0.016508717862710017
[39, 40, 49, 12926],0.020920046993876992
[66, 12926],0.015366778710328925
[42, 12926],0.016508717862710017
[40, 42, 12926],0.0156374789266021
[42, 49, 12926],0.014634453476038721
[40, 42, 49, 12926],0.011732595004560985
[12930],0.015035600995967291
[40, 12930],0.015035600995967291
[49, 12930],0.015035600995967291
[40, 49, 12930],0.043033409054140666
[42, 12930],0.015035600995967291
[40, 42, 12930],0.015035600995967291
[42, 49, 12930],0.015035600995967291
[33, 42, 12930],0.011422229154853903
[66, 12930],0.010642952366154678
[39, 12930],0.015035600995967291
[39, 40, 12930],0.012649918308053449
[39, 49, 12930],0.015035600995967291
[33, 12930],0.015035600995967291
[33, 40, 12930],0.015035600995967291
[33, 49, 12930],0.015035600995967291
[33, 40, 49, 12930],0.014410328254087284
[12945],0.019295991246577385
[12941],0.012125374076899318
[12947],0.01695473834934256
[40, 12947],0.01695473834934256
[49, 12947],0.01695473834934256
[40, 49, 12947],0.031062485224672746
[33, 12947],0.012899426664020122
[39, 12947],0.015244420434505674
[39, 40, 12947],0.012133849576096204
[66, 12947],0.01279909305329509
[12968],0.048919508511880684
[12980],0.016906874755133344
[12984],0.016561139096136022
[12985],0.022655971670880556
[40, 12985],0.012209337291314947
[12995],0.023529974188172487
[13000],0.010950908489017284
[13001],0.013112411519693225
[13004],0.01010057521951831
[13006],0.012959656087098311
[13009],0.014036422848942945
[13011],0.06566142430275337
[13013],0.011155877672772362
[13023],0.0133398665702891
[13028],0.02192482187269069
[13042],0.011995184433800979
[40, 13042],0.011995184433800979
[49, 13042],0.011995184433800979
[40, 49, 13042],0.058865046367978756
[33, 13042],0.011995184433800979
[33, 40, 13042],0.011995184433800979
[33, 49, 13042],0.011995184433800979
[33, 40, 49, 13042],0.015070597263146765
[39, 13042],0.011995184433800979
[39, 49, 13042],0.011995184433800979
[39, 40, 49, 13042],0.014307240231184765
[39, 40, 13042],0.011995184433800979
[42, 13042],0.011995184433800979
[42, 49, 13042],0.011995184433800979
[40, 42, 49, 13042],0.03403509987856485
[39, 42, 13042],0.011995184433800979
[39, 40, 42, 13042],0.011199294987687977
[40, 42, 13042],0.011995184433800979
[33, 42, 13042],0.011995184433800979
[33, 40, 42, 13042],0.011995184433800979
[33, 42, 49, 13042],0.010626593174241514
[66, 13042],0.010265336525596873
[13055],0.02496081467638732
[13058],0.0157800584730507
[13059],0.01051082257516888
[13061],0.011454182142632498
[49, 13061],0.011454182142632498
[40, 49, 13061],0.012071884610977713
[40, 13061],0.011454182142632498
[13069],0.01928091142667289
[13070],0.02801195704798405
[13075],0.038523218200586615
[40, 13075],0.010886665966930865
[13077],0.01434652801251972
[13079],0.020520857470853925
[13083],0.011315048317718552
[13084],0.014352342645843452
[13093],0.018894114016885247
[13094],0.012919271253528338
[13102],0.011017832376549722
[13122],0.012990328792532348
[13124],0.010724463478256783
[13125],0.020204337698012432
[13134],0.02035986616810179
[13142],0.012758655586867215
[13152],0.014314099744389224
[13155],0.019805690318034523
[13156],0.015605896602834806
[13165],0.02057500555116066
[13167],0.01265817206296429
[13168],0.017954504947589392
[13175],0.01103857833301284
[40, 13175],0.01103857833301284
[49, 13175],0.01103857833301284
[40, 49, 13175],0.022431539350239907
[33, 13175],0.01103857833301284
[33, 40, 13175],0.010379390227685336
[13176],0.011795017996036964
[13178],0.0102122442859335
[13188],0.023388401364808947
[13198],0.022138732925027313
[13202],0.013997107223921904
[13218],0.0331753671796775
[13221],0.012996344902807846
[13230],0.010198957176676652
[13233],0.01933616938861482
[13238],0.017571569572805795
[13247],0.013835912050814162
[13264],0.014196331694521456
[13277],0.025056662296106716
[13282],0.0253524295354153
[13287],0.02522347103549473
[13291],0.026496665246218375
[13297],0.012596520599109089
[13305],0.010339439263430802
[13306],0.010642828822363417
[13319],0.013210611241213872
[40, 13319],0.013210611241213872
[49, 13319],0.011110231426156532
[13322],0.011970132032558178
[13328],0.010542416818947384
[13329],0.010027000128248214
[40, 13329],0.010027000128248214
[49, 13329],0.010027000128248214
[13336],0.014893373831105844
[13367],0.029820683837643892
[13370],0.011326128326715442
[13372],0.011160487126520447
[13379],0.010854283116026917
[13382],0.031944200442101056
[13389],0.01464101402739466
[13397],0.030339157285384145
[13403],0.02143524461144571
[13405],0.015186106194388638
[13410],0.017804741989347186
[13421],0.010772742529121911
[13442],0.021457088657247065
[13451],0.024626636708463035
[13453],0.010470756734591224
[13454],0.01367950234607137
[13458],0.01866212226650349
[13460],0.022450312150371413
[13466],0.011187577790663273
[13469],0.01596881563327364
[13477],0.021544515194912843
[13478],0.012057869272481496
[13481],0.010543901398193892
[13489],0.03400672228665024
[13497],0.01292267243873765
[13500],0.010893176903325842
[13504],0.0106489333948876
[13512],0.01547926833962665
[13515],0.02804932947213048
[13518],0.01511962863767431
[13522],0.01819730031373289
[13526],0.016374762150215418
[13528],0.019662512195924783
[13534],0.011399850144095454
[13541],0.018110717080228683
[13551],0.013052393289268105
[13555],0.011264100133433
[13561],0.013712504228214208
[13564],0.017646893092769636
[13568],0.0435656555734015
[13574],0.021602918263927816
[13580],0.0459963999257674
[13599],0.014367525996069322
[13600],0.010923532249061967
[13618],0.010845637178040952
[13619],0.012525005446251274
[13623],0.01945114871699929
[13625],0.05287538276698547
[13640],0.03369395200046854
[13652],0.011989102425156566
[13656],0.010407092269150259
[13664],0.011675211394256296
[13673],0.022285507843739675
[13684],0.01620907598547444
[13685],0.025982166138787288
[13693],0.024479781531022204
[13701],0.029295705156377336
[13712],0.019509998445600803
[13718],0.016468357894973962
[13719],0.017055385848665963
[13721],0.014004763273185897
[13731],0.013099203126106145
[13744],0.019667098536678897
[13748],0.018895366038870213
[13769],0.010728642472677007
[13771],0.013030707568100878
[13776],0.03805430557233123
[13788],0.010388104268431047
[13789],0.027079109722412863
[13792],0.021247740830747288
[13805],0.02773108703264705
[13810],0.011323946463299794
[13812],0.010605677472868337
[13818],0.012243478619373478
[13821],0.016533882290404166
[13822],0.035332386035445584
[13740],0.012963845663937648
[13826],0.010394772393669437
[13855],0.019266716052417386
[13860],0.03226419062059024
[13866],0.022568619552243995
[13869],0.02685956007304695
[13871],0.010065194188068179
[13876],0.01649392010334818
[13877],0.01045114594207426
[13878],0.019847242524644135
[13890],0.013876211144168362
[13897],0.014930298855163055
[13924],0.01674097128534923
[13928],0.028912936808894927
[13949],0.011735597360656944
[13955],0.023765238382971763
[13965],0.02422387250038785
[13970],0.026741738599795107
[13975],0.021638713270448744
[13980],0.013806585376012074
[13982],0.016411907872419765
[13985],0.014157365977476811
[13991],0.012029282386670255
[13993],0.02159481092523895
[14007],0.02117784988074381
[49, 14007],0.012004892092617991
[40, 49, 14007],0.010347534794072062
[40, 14007],0.014616066908764306
[14016],0.02278604509510096
[14019],0.02157856506046045
[14024],0.012560553801938181
[14025],0.01259949206613605
[14041],0.017669808375027258
[40, 14041],0.013562731475563236
[49, 14041],0.01204263832659907
[14045],0.013178422087119569
[14048],0.013263075306088178
[14052],0.034100564149306116
[14054],0.015711759866315348
[14056],0.031586007083900046
[14062],0.019560884906912337
[14064],0.012533963516823114
[14066],0.01109052282310363
[14073],0.01511694570929629
[14072],0.026598801699145407
[14081],0.017831567491858113
[14082],0.02444249177737534
[14095],0.010240985127948597
[14096],0.02471632215973206
[14102],0.016584572610937664
[14106],0.023625518282913302
[14113],0.013218742271578139
[14115],0.011189948614602938
[14124],0.016881740011947564
[14129],0.031200245004857515
[14132],0.024032369423142415
[14137],0.020068968237554125
[14141],0.020259236553885805
[14143],0.018094942703108366
[14145],0.025605101668549603
[14150],0.014971431138678755
[14156],0.0455711366596943
[14157],0.010357513697603304
[14165],0.014626643380303457
[14169],0.010750983585846927
[14170],0.029360381144623294
[14171],0.012823316791271288
[14188],0.013910611000341992
[14191],0.018579082235625634
[14201],0.010588430212104896
[14211],0.011032941056981774
[14217],0.012257703403330147
[14218],0.011025143519761834
[14224],0.02249875538751072
[14226],0.038001197936750296
[14231],0.010396423412033708
[14234],0.017014750301820144
[14238],0.015707601500425928
[14244],0.01094088799239199
[14246],0.01942406537385941
[14247],0.01041254918568934
[14248],0.03247864955694126
[14253],0.018002134885892127
[14263],0.023421031492782702
[14272],0.011664526294231727
[14273],0.012117995889137858
[14282],0.020225862330022253
[14286],0.013932809384029807
[14288],0.01024429870047978
[14291],0.03148746743030708
[14295],0.014546751135591974
[14301],0.026844965641672044
[14310],0.015244529358195104
[14317],0.011721009526739353
[14326],0.011947198562267704
[14334],0.024156105005985803
[14335],0.016785250627199502
[14338],0.038730512622197226
[14341],0.028582433560370143
[14344],0.01389444708716196
[14347],0.027635179245745215
[14362],0.011433754349450374
[14370],0.02138382369171102
[14374],0.016310119542880214
[14380],0.024608080344524483
[14385],0.010612712214437091
[14391],0.014510207354371725
[14393],0.010902920105665305
[14426],0.021816744805443586
[14437],0.011035920892264775
[14440],0.018717146765789363
[14452],0.017416668313706436
[14457],0.01693799194533722
[14458],0.04641630217380632
[14461],0.018663155779392447
[14463],0.01554721068363553
[14470],0.02705521608315939
[14473],0.013956224713798402
[14488],0.013590568806140197
[14489],0.019461168173851993
[14491],0.01650719014438183
[14493],0.021958604238753513
[14499],0.015794469720481884
[14507],0.015880089978632703
[14509],0.025522388471741056
[14522],0.012593665824772959
[14524],0.01286352954765746
[14525],0.023853724602875038
[14529],0.019480836391750692
[14543],0.016323375140032206
[14559],0.027523760477098924
[14574],0.011385786840641584
[14575],0.018788342935517753
[14578],0.016541110227568226
[14587],0.01246218500643347
[14591],0.011593419294123983
[14593],0.02781570583771254
[14605],0.013799539819145036
[14609],0.025621067763210742
[14623],0.017504533326428137
[14621],0.011040138758390446
[14628],0.013432328128852604
[14630],0.014418146758103796
[14633],0.018317948329382203
[14634],0.010370803536327976
[14641],0.057024329929909315
[14644],0.01761280266273256
[14646],0.012447635046592187
[14649],0.013637917710696138
[14651],0.02669098341304661
[14656],0.014210649927719143
[14663],0.011529738480975488
[14681],0.018765783446394638
[14695],0.013705860604610971
[14702],0.023695511274688212
[14703],0.01339484933860592
[14704],0.012223594450674478
[14708],0.013395479178934284
[14710],0.013258639105976333
[14735],0.021598826241956387
[14741],0.0127129186168321
[14747],0.013730134695074985
[14760],0.018610736842160046
[14769],0.02592677806069767
[14775],0.010819719635711652
[14779],0.010486248882229524
[14788],0.021048486186007312
[14790],0.028530542677067994
[14754],0.021530388747763328
[14811],0.020555142426726927
[14814],0.025387164070036366
[14830],0.011463049598845702
[14839],0.022386057426295233
[14847],0.013051053299112865
[14852],0.0177050394436761
[14876],0.01430646619554395
[14878],0.01047596123353413
[14882],0.010474631640762882
[14884],0.033094526954190934
[14893],0.012473355591698349
[14896],0.014003198042552036
[14898],0.013848445855214686
[14900],0.026357573302957436
[14902],0.012631422919333057
[14919],0.01111812654235489
[14935],0.032291939979474535
[14938],0.012026442486898806
[14944],0.011364253312045507
[14945],0.016589528413979624
[14951],0.010155512794624906
[14952],0.010979709992282587
[14960],0.014195064475127915
[14965],0.019685843646976807
[14966],0.01577784559262247
[14971],0.026932628786811335
[14995],0.012064046203018085
[15008],0.015550231436509207
[15009],0.01190442205273234
[15017],0.010946237413216795
[15034],0.03133098346463035
[40, 15034],0.011845768583474886
[49, 15034],0.013047462844213901
[15037],0.013008320623288288
[40, 15037],0.012187134817715784
[49, 15037],0.011123785696594515
[15055],0.016655934791523618
[15062],0.026359456095080423
[15097],0.028616594727096326
[15103],0.02288945471888898
[15104],0.010028173408567868
[15145],0.03589778042060338
[15151],0.010951489365235727
[15154],0.019127086958338663
[15156],0.04893685291690068
[15158],0.023802528975586493
[15163],0.010571051821805512
[15174],0.010515453477703692
[15175],0.014055460482421428
[15184],0.010621431335654496
[15187],0.016270351486758195
[15195],0.04548297229378707
[15196],0.030665761306247857
[15204],0.016502772380560925
[15209],0.011038998116084595
[15211],0.018993112057207266
[15217],0.01085517900868348
[15222],0.018521577221697463
[15225],0.01866261588969458
[15236],0.013912124723525597
[15240],0.0339970866429393
[15257],0.018698196651956885
[15258],0.013083726103815224
[15262],0.015000176215644352
[15220],0.015056640800574428
[15268],0.03186354444186645
[15283],0.017801799692868485
[15295],0.02967895057840028
[15302],0.011161950654871699
[15306],0.019185937652438725
[15308],0.017693507313524464
[15318],0.015425775641616847
[15322],0.011616972133204416
[15332],0.026310054648410526
[15342],0.01019291206366363
[15350],0.02636143471644091
[15359],0.03038965245927072
[15366],0.021293185055173348
[15381],0.02213963336007244
[15382],0.010119642434493871
[15403],0.011772771902225
[15410],0.010415118587570708
[15412],0.011627842637946174
[15423],0.02506772522663165
[15425],0.014668472639614606
[15431],0.012650090815692766
[15433],0.025964802978345303
[15444],0.022721137902715054
[15483],0.02250292967664776
[15486],0.012405161967937867
[15492],0.015530063513663726
[15502],0.010316351753187259
[15520],0.022729818776901386
[15521],0.02226283768028003
[15525],0.031091065627598113
[15533],0.01470253172335837
[15540],0.012002930232508468
[15539],0.011113036281151347
[15543],0.029618699652091175
[15550],0.010062739169036989
[15560],0.02581211401410369
[15561],0.010482028886354454
[15577],0.010719266489382042
[15578],0.015874256030548248
[15587],0.01918277225956525
[15604],0.01897932103413172
[15617],0.032309159510655
[15616],0.01381795616188224
[15623],0.01117222383639749
[15625],0.0240722385837422
[15629],0.011233441073944028
[15646],0.02151855903185368
[15654],0.03542946626552351
[15659],0.013446704699295459
[15661],0.010062456494762314
[15668],0.01601029542475487
[15674],0.02717479395419214
[15685],0.012551953581413545
[15686],0.011987700317082654
[15694],0.012881018956353784
[15704],0.01161336009623917
[15705],0.020352138370823086
[15707],0.012247716142708701
[15726],0.021126345749487005
[15728],0.02380514205659919
[15733],0.01861359233179283
[15736],0.014388209131725813
[15745],0.010356717851503015
[15750],0.025919763063755014
[15755],0.01636211391852808
[15756],0.022981851724868888
[15761],0.014017962203430349
[15764],0.01672213825766236
[15765],0.07130536913261774
[15767],0.018152930116750843
[15771],0.049405827798053664
[15774],0.010107850194327202
[15781],0.010108994877369317
[15784],0.013241814686623238
[15787],0.010581700061829983
[15791],0.018445961358740232
[15802],0.010165437306374446
[15805],0.019082908871574204
[15815],0.01982454205744885
[15817],0.010021541190078219
[15829],0.020437912834316813
[15830],0.011525899799632823
[15833],0.01028949072935487
[42, 15833],0.01028949072935487
[40, 42, 15833],0.01028949072935487
[42, 49, 15833],0.01028949072935487
[40, 42, 49, 15833],0.029978821069740424
[39, 42, 15833],0.01028949072935487
[39, 40, 42, 15833],0.01028949072935487
[39, 42, 49, 15833],0.01028949072935487
[39, 40, 42, 49, 15833],0.010186585475452523
[33, 42, 15833],0.01028949072935487
[33, 40, 42, 15833],0.01028949072935487
[33, 42, 49, 15833],0.01028949072935487
[40, 15833],0.01028949072935487
[49, 15833],0.01028949072935487
[40, 49, 15833],0.054740090623490396
[39, 15833],0.01028949072935487
[39, 40, 15833],0.01028949072935487
[39, 49, 15833],0.01028949072935487
[39, 40, 49, 15833],0.014560009947923775
[33, 15833],0.01028949072935487
[33, 40, 15833],0.01028949072935487
[33, 49, 15833],0.01028949072935487
[33, 40, 49, 15833],0.014502933514577711
[66, 15833],0.01028949072935487
[40, 66, 15833],0.011506305668484117
[311, 15833],0.01028949072935487
[15852],0.016897397155284058
[15853],0.020476891718119027
[15859],0.014285492514265977
[15863],0.014648001091406827
[15869],0.02169948036189487
[15870],0.01030631460481982
[15876],0.015903251375403677
[15902],0.013272654643081172
[15903],0.022531157534604954
[15910],0.011600966831520242
[15911],0.011791546498600874
[15913],0.03303393779919761
[15920],0.020308116467182953
[15922],0.023653682990631846
[15923],0.040730567368482504
[15930],0.014655749899326477
[15937],0.01691877355737476
[15953],0.012258519380907532
[15960],0.029941010966394906
[15969],0.027864963026118385
[15986],0.01584807009658642
[15992],0.011502711762431464
[15993],0.015395090319640892
[16011],0.03599891709190917
[40, 16011],0.03599891709190917
[49, 16011],0.03599891709190917
[40, 49, 16011],0.06081209255545755
[33, 16011],0.03599891709190917
[33, 40, 16011],0.025134367415171808
[33, 49, 16011],0.028658657962245704
[33, 40, 49, 16011],0.018796412323527457
[39, 16011],0.03518171616032564
[39, 40, 16011],0.026445089318663614
[39, 49, 16011],0.02270022523910622
[39, 40, 49, 16011],0.018593861401130726
[42, 16011],0.03599891709190917
[40, 42, 16011],0.03599891709190917
[42, 49, 16011],0.03599891709190917
[40, 42, 49, 16011],0.037882183910712165
[33, 42, 16011],0.021259884918097962
[33, 40, 42, 16011],0.01567328623365157
[33, 42, 49, 16011],0.01534038373430256
[33, 40, 42, 49, 16011],0.012066551660501164
[39, 42, 16011],0.021059102027202486
[39, 40, 42, 16011],0.01728874608275963
[39, 42, 49, 16011],0.01559010928001562
[39, 40, 42, 49, 16011],0.01350846923359576
[16011, 16012],0.021684887327170208
[40, 16011, 16012],0.021684887327170208
[42, 16011, 16012],0.013756362975432203
[40, 42, 16011, 16012],0.010468477899932816
[42, 49, 16011, 16012],0.0102300849095992
[40, 42, 49, 16011, 16012],0.012996208309686636
[33, 16011, 16012],0.011481462480229932
[49, 16011, 16012],0.021684887327170208
[40, 49, 16011, 16012],0.017791786939683543
[66, 16011],0.013394668959647407
[16012],0.021684887327170208
[40, 16012],0.021684887327170208
[39, 16011, 16012],0.01006883728753637
[39, 16012],0.021684887327170208
[39, 49, 16012],0.017856602133800286
[39, 40, 49, 16012],0.014240741494762437
[39, 40, 16012],0.01830068912411571
[42, 16012],0.021684887327170208
[40, 42, 16012],0.021684887327170208
[33, 42, 16012],0.01034913642173952
[39, 42, 16012],0.013119427584991496
[39, 42, 49, 16012],0.010338321662293183
[39, 40, 42, 16012],0.01137356706904583
[42, 49, 16012],0.021684887327170208
[40, 42, 49, 16012],0.02298907929517706
[49, 16012],0.021684887327170208
[40, 49, 16012],0.04137924052712038
[33, 16012],0.021684887327170208
[33, 40, 16012],0.014459052012694276
[33, 49, 16012],0.017057554472260185
[33, 40, 49, 16012],0.01049100776625463
[16014],0.013291331047075236
[16018],0.018390176016612986
[16022],0.025581696604748225
[16028],0.02252471841024762
[16031],0.01140170659536784
[16033],0.011602360350908723
[16034],0.017356295705265028
[16041],0.0165505443919298
[16042],0.01666305016384187
[16049],0.01674984442765985
[16051],0.012493585400343796
[16062],0.013368282810036365
[16074],0.010216961964480418
[16087],0.010637186005022841
[16090],0.018050236874766624
[16093],0.01037080022988457
[16097],0.018305694580304583
[16102],0.011483911762273279
[16107],0.022279486630051352
[16112],0.013305445778319701
[16117],0.016778406049431063
[16118],0.011421068860116075
[16136],0.014627006557823051
[16141],0.01730536712077456
[16146],0.010370342829573118
[16157],0.01038030407690511
[16169],0.0172751862740707
[16189],0.02238336304212319
[16212],0.013971316442249391
[16215],0.01128510151114007
[16216],0.010906171179965524
[16220],0.012936569040982646
[16234],0.015564862621141765
[16233],0.021721919321171016
[16237],0.01894452532271864
[16246],0.026079413693650664
[16263],0.01675336140875624
[16271],0.0115789715841471
[16284],0.014555150910864933
[16288],0.01104568696848182
[16294],0.03926704200587295
[16300],0.011041370542472688
[16305],0.016168069917106172
[16315],0.022810204147856134
[16324],0.013252206472473993
[16325],0.013564450601164499
[16328],0.011198386790132572
[16358],0.020970882654579973
[16362],0.01563831762118059
[16368],0.011752969230761417
[16370],0.038275759645525834
[16372],0.012194101870472197
[16378],0.01568749283385824
[16391],0.013168106012201686
[16394],0.014190501995967273
[16401],0.011869672416961753
[16411],0.013906346164877846
[16431],0.012747286483178136
[40, 16431],0.012747286483178136
[49, 16431],0.012747286483178136
[40, 49, 16431],0.015564439503054615
[33, 16431],0.011575825892537512
[42, 16431],0.012747286483178136
[40, 42, 16431],0.012659173134543207
[42, 49, 16431],0.012747286483178136
[40, 42, 49, 16431],0.010968570737127275
[16437],0.011155085157466368
[16438],0.01807664961571788
[16440],0.014609713525840166
[16441],0.015124576307477156
[16442],0.023933372607335
[16454],0.012577404836240967
[16468],0.03329083121394676
